2 machines found
claire
claire
CRF loss
Parsing training data: ../data/train.txt
Parsing test data: ../data/test.txt
Data loading completed
====================  Summary of settings =================
Training data: ../data/train.txt
Test data: ../data/test.txt
loss: CRF, lambda: 1.000000e-04, Processors: 2
dim: 129, classes: 26
Train: #word=3438, #letter=25953
Test: #word=3439, #letter=26198
===========================================================
iter fn.val gap time feval.num train_lett_err train_word_err test_lett_err test_word_err 
0 24.5949 4.55704 0.486876 1 92.309174 100.000000 92.220780 100.000000
1 20.2607 5.09782 1.97874 3 71.379031 100.000000 71.421483 100.000000
2 17.4237 3.66112 2.70727 4 66.662814 99.825480 66.386747 99.883687
3 15.2976 2.67231 3.47488 5 53.442762 97.673066 53.515536 97.702821
4 13.197 2.13497 4.27145 6 45.397449 96.160558 45.663791 95.347485
5 10.856 2.52546 5.043 7 39.702539 91.855730 40.445836 92.294272
6 9.27168 1.17401 5.77475 8 33.788001 87.056428 34.632415 87.641756
7 8.67999 0.877935 6.50572 9 31.518514 84.293194 32.300176 85.199186
8 7.80033 0.853367 7.24624 10 28.528494 80.453752 29.341934 81.942425
9 7.17584 1.5436 7.98389 11 27.133665 77.254218 28.105199 78.016865
10 6.65223 0.7331 8.72536 12 24.552075 72.833042 25.585923 74.411166
11 6.38958 0.544082 9.45782 13 23.646592 71.931355 24.627834 73.044490
12 5.89935 0.61694 10.1931 14 22.220938 69.342641 23.463623 72.055830
13 5.41367 0.845006 10.9435 15 21.068855 67.219314 22.421559 70.485606
14 5.03634 0.723804 11.6995 16 20.398413 65.852240 22.039850 69.962198
15 4.78652 0.389523 12.4459 17 19.281008 63.699825 20.963432 67.345158
16 4.5562 0.364758 13.1823 18 18.560475 61.140198 20.177113 65.193370
17 4.35319 0.387833 14.3608 19 17.782145 58.871437 19.608367 63.477755
18 4.13935 0.711821 15.3481 20 17.608754 58.406050 20.028246 63.332364
19 3.88662 0.294441 16.0975 21 16.341078 55.119255 18.948011 61.035185
20 3.76659 0.243602 16.8374 22 16.067507 54.333915 18.593022 60.715324
21 3.64562 0.382712 17.584 23 15.894116 53.577661 18.451790 61.006106
22 3.53435 0.425622 18.3629 24 15.562748 53.083188 18.173143 60.104682
23 3.44749 0.246602 19.1394 25 15.135052 52.036067 17.837239 59.581274
24 3.31728 0.248114 19.8854 26 14.611028 50.407213 17.375372 57.952893
25 3.22642 0.245307 20.6272 27 14.375987 50.087260 17.131079 57.342251
26 3.14575 0.468833 21.3659 28 13.871229 48.051193 17.299030 56.237278
27 3.04395 0.180872 22.1101 29 13.347205 46.742292 16.715016 55.597557
28 2.98697 0.191303 22.8979 30 13.019689 46.160558 16.428735 54.608898
29 2.90394 0.252415 23.6392 31 12.784649 45.956952 16.318040 54.492585
30 2.88221 0.525151 24.4216 32 13.081339 45.811518 16.386747 53.911021
31 2.79534 0.176965 25.1948 33 12.526490 44.968005 15.966868 53.038674
32 2.76667 0.127418 25.9363 34 12.314569 44.648051 15.890526 53.009596
33 2.72436 0.173042 27.1201 35 12.164297 44.095404 15.913429 52.951439
34 2.66711 0.223547 28.2759 36 12.025585 43.979058 15.798916 52.951439
35 2.62216 0.202813 29.0179 37 11.979347 43.862711 16.035575 53.184065
36 2.58667 0.104757 29.7573 38 11.671098 42.815590 15.898160 52.893283
37 2.55326 0.142085 30.5048 39 11.432204 42.001163 15.711123 52.311719
38 2.51597 0.141247 31.2504 40 11.439911 41.623037 15.714940 51.904623
39 2.47721 0.190277 32.0258 41 11.416792 41.012216 15.627147 51.003199
40 2.4505 0.17307 32.7904 42 11.308905 41.012216 15.566074 50.799651
41 2.42923 0.112613 33.5661 43 11.073864 40.226876 15.474464 50.886886
42 2.40914 0.109213 34.3631 44 10.981389 40.255963 15.321780 50.712416
43 2.38505 0.208147 35.1586 45 10.881208 40.255963 15.401939 51.061355
44 2.35997 0.097341 35.9215 46 10.650021 40.023269 15.176731 50.654260
45 2.34655 0.0874927 37.1055 47 10.522868 39.819663 15.142377 50.799651
46 2.32551 0.0987169 38.2709 48 10.526721 39.790576 15.104206 51.119511
47 2.31413 0.170599 39.0111 49 10.534428 39.470622 15.127109 50.479791
48 2.29552 0.0776341 39.7697 50 10.345625 39.267016 14.936255 50.363478
49 2.28507 0.0639616 40.5154 51 10.241591 38.743455 14.928621 50.247165
50 2.2749 0.0807199 41.2621 52 10.176088 38.801629 14.875181 50.276243
51 2.26695 0.221755 42.0152 53 10.214619 38.917976 14.905718 50.421634
52 2.25195 0.0800493 42.7722 54 10.064347 38.656195 14.833193 50.276243
53 2.24283 0.0609804 43.5675 55 9.983432 38.510762 14.787388 50.218087
54 2.23488 0.0748072 44.3172 56 10.025816 38.452589 14.814108 50.247165
55 2.22165 0.101899 45.1082 57 9.906369 37.783595 14.802657 50.189008
56 2.21812 0.19131 45.8886 58 10.048935 38.103549 14.795023 49.752835
57 2.20298 0.0571676 46.6988 59 9.810041 37.056428 14.783571 50.014539
58 2.19781 0.0484414 47.4377 60 9.759951 37.201862 14.745400 49.810992
59 2.19039 0.0642768 48.181 61 9.729126 37.318208 14.657607 49.607444
60 2.18489 0.168807 48.936 62 9.756098 37.318208 14.726315 49.781913
61 2.17643 0.0724757 49.6978 63 9.713713 37.260035 14.653790 49.549288
62 2.17049 0.0473301 50.462 64 9.659770 37.056428 14.684327 49.549288
63 2.1658 0.0563567 51.2558 65 9.582707 36.940081 14.676693 49.607444
64 2.15811 0.0621675 52.0134 66 9.478673 36.823735 14.508741 49.142192
65 2.15694 0.184458 52.7579 67 9.482526 36.823735 14.554546 49.171271
66 2.14468 0.0551163 53.5067 68 9.551882 37.027341 14.436217 48.880489
67 2.14063 0.0352702 54.2748 69 9.540323 37.114602 14.451485 48.764176
68 2.13557 0.0439559 55.0113 70 9.486379 36.969168 14.420948 48.880489
69 2.13043 0.0848231 55.7612 71 9.532617 36.969168 14.436217 48.851410
70 2.12488 0.0447805 56.5315 72 9.459407 36.765561 14.394229 49.025880
71 2.12136 0.0374566 57.277 73 9.459407 36.620128 14.371326 48.880489
72 2.11749 0.0493719 58.0632 74 9.359226 36.649215 14.378960 48.909567
73 2.11428 0.0410389 58.8079 75 9.309136 36.242001 14.359875 48.676941
74 2.11047 0.0375947 59.5865 76 9.232073 36.125654 14.466753 48.618785
75 2.10586 0.0847052 60.3379 77 9.043271 35.369401 14.371326 48.618785
76 2.10234 0.0529195 61.0872 78 9.008592 35.427574 14.447668 48.967723
77 2.10055 0.0261745 61.8681 79 8.966208 35.340314 14.436217 48.880489
78 2.09892 0.0246182 62.6093 80 8.973914 35.514834 14.413314 48.764176
79 2.09586 0.0572502 63.3493 81 9.000886 35.514834 14.443851 48.822332
80 2.09259 0.0475911 64.0993 82 8.962355 35.398487 14.482022 49.142192
81 2.08974 0.0282412 64.8576 83 8.939236 35.282141 14.474387 49.054958
82 2.08664 0.0257726 65.6354 84 8.877586 35.165794 14.443851 48.938645
83 2.08498 0.0447506 66.4184 85 8.927677 34.991274 14.340789 48.735097
84 2.08279 0.026348 67.2059 86 8.869880 35.020361 14.344606 48.793254
85 2.07945 0.0266355 68.3912 87 8.819790 34.933101 14.398046 48.880489
86 2.07713 0.043477 69.1493 88 8.896852 35.136707 14.390411 48.851410
87 2.07473 0.0289934 69.8912 89 8.785112 34.787667 14.291167 48.502472
88 2.07291 0.0258701 70.652 90 8.808230 34.787667 14.310253 48.735097
89 2.07077 0.0427742 71.4069 91 8.673371 34.438627 14.317887 48.589706
90 2.06925 0.0354436 72.1652 92 8.684930 34.525887 14.378960 48.851410
91 2.06808 0.0251866 72.9879 93 8.746580 34.642234 14.394229 48.967723
92 2.0661 0.0216315 73.7536 94 8.735021 34.525887 14.375143 48.880489
93 2.06551 0.0489905 74.498 95 8.750433 34.351367 14.356058 48.909567
94 2.06441 0.0255587 75.6847 96 8.758140 34.380454 14.386594 48.967723
95 2.06298 0.0182099 76.8695 97 8.781258 34.438627 14.336972 48.706019
96 2.06202 0.0217991 77.8231 98 8.731168 34.351367 14.329338 48.531550
97 2.06037 0.0333357 78.5656 99 8.727315 34.496800 14.325521 48.618785
98 2.05968 0.0588396 79.3299 100 8.684930 34.380454 14.268265 48.444315
99 2.05821 0.0167758 80.0804 101 8.700343 34.554974 14.264448 48.444315
100 2.05767 0.0159541 80.8249 102 8.700343 34.467714 14.287350 48.531550
101 2.05672 0.0207967 81.6036 103 8.731168 34.496800 14.298801 48.589706
102 2.05563 0.0403769 82.3962 104 8.708049 34.525887 14.272082 48.531550
103 2.05437 0.0207269 83.1502 105 8.723462 34.700407 14.241545 48.415237
104 2.05365 0.0137302 83.8982 106 8.684930 34.700407 14.222460 48.473393
105 2.05287 0.0167407 84.64 107 8.665665 34.729494 14.245362 48.444315
106 2.05227 0.0355079 85.4015 108 8.773552 34.758581 14.302619 48.386159
107 2.05146 0.0184064 86.1472 109 8.738874 34.671321 14.317887 48.473393
108 2.05053 0.0144718 86.8919 110 8.704196 34.642234 14.298801 48.415237
109 2.04992 0.0162498 87.6529 111 8.723462 34.671321 14.260631 48.444315
110 2.04935 0.0511276 88.4329 112 8.677224 34.525887 14.191923 48.269846
111 2.04791 0.0162467 89.2145 113 8.708049 34.758581 14.172838 48.328002
112 2.04742 0.0114902 89.9928 114 8.708049 34.700407 14.176655 48.269846
113 2.04686 0.0173411 90.7912 115 8.719609 34.787667 14.169021 48.298924
114 2.04652 0.038266 91.5336 116 8.738874 34.729494 14.211008 48.328002
115 2.0459 0.0158658 92.3137 117 8.700343 34.613147 14.149935 48.211689
116 2.04535 0.0127852 93.0985 118 8.692637 34.584061 14.153752 48.240768
117 2.04487 0.0159407 93.8449 119 8.723462 34.554974 14.172838 48.298924
118 2.04418 0.0261677 94.5992 120 8.723462 34.409540 14.134667 48.240768
119 2.04353 0.0183243 95.3492 121 8.731168 34.496800 14.115581 48.211689
120 2.04318 0.0100229 96.0957 122 8.742727 34.584061 14.153752 48.124455
121 2.04268 0.0133877 96.836 123 8.719609 34.525887 14.218643 48.298924
122 2.04226 0.0154985 97.5764 124 8.715755 34.525887 14.218643 48.415237
123 2.04174 0.0152588 98.3509 125 8.681077 34.322280 14.161386 48.444315
124 2.04127 0.0113745 99.1873 126 8.715755 34.525887 14.157569 48.357081
125 2.04072 0.0140355 99.9439 127 8.711902 34.293194 14.207191 48.415237
126 2.04039 0.0177309 101.13 128 8.684930 34.205934 14.195740 48.357081
127 2.04009 0.0105736 102.317 129 8.688784 34.264107 14.230094 48.531550
128 2.03976 0.00963735 103.503 130 8.638693 34.089587 14.211008 48.502472
129 2.03941 0.0147527 104.689 131 8.665665 34.205934 14.203374 48.444315
130 2.03903 0.0164716 105.756 132 8.630987 34.205934 14.252996 48.473393
131 2.03871 0.00983514 106.51 133 8.619427 34.176847 14.283533 48.618785
132 2.03846 0.010193 107.257 134 8.630987 34.205934 14.260631 48.473393
133 2.03813 0.0113351 108.001 135 8.661812 34.176847 14.279716 48.502472
134 2.03789 0.0177416 109.482 137 8.669518 34.205934 14.283533 48.357081
135 2.03756 0.0100814 110.229 138 8.731168 34.351367 14.264448 48.328002
136 2.03726 0.00769798 110.973 139 8.727315 34.322280 14.245362 48.473393
137 2.03704 0.0129359 111.728 140 8.727315 34.438627 14.233911 48.415237
138 2.03682 0.00866109 112.523 141 8.723462 34.380454 14.226277 48.298924
139 2.0366 0.00779536 113.282 142 8.669518 34.351367 14.291167 48.386159
140 2.03634 0.0130415 114.024 143 8.642546 34.293194 14.287350 48.589706
141 2.0361 0.0105883 114.775 144 8.600162 34.060500 14.294984 48.618785
142 2.03586 0.00949667 115.525 145 8.611721 34.031414 14.264448 48.531550
143 2.03558 0.0175221 116.319 146 8.611721 33.973240 14.188106 48.502472
144 2.03539 0.0134411 117.133 147 8.596309 33.827807 14.233911 48.589706
145 2.03526 0.00676756 118.07 148 8.588602 33.856894 14.230094 48.589706
146 2.03512 0.0051981 118.832 149 8.615574 33.944154 14.230094 48.589706
147 2.03494 0.00931579 119.61 150 8.630987 33.944154 14.203374 48.473393
148 2.0348 0.0203366 120.363 151 8.677224 34.031414 14.203374 48.531550
149 2.03457 0.00778399 121.111 152 8.681077 34.031414 14.169021 48.444315
150 2.03442 0.00648699 121.865 153 8.684930 33.973240 14.176655 48.502472
151 2.03426 0.00728858 122.61 154 8.665665 33.885980 14.157569 48.444315
152 2.03406 0.0163442 123.361 155 8.688784 33.973240 14.153752 48.473393
153 2.03385 0.00692613 124.107 156 8.669518 33.973240 14.191923 48.502472
154 2.03373 0.00528252 124.848 157 8.677224 34.002327 14.172838 48.386159
155 2.03353 0.00789944 125.608 158 8.654105 33.944154 14.146118 48.328002
156 2.0334 0.0173589 126.382 159 8.669518 34.031414 14.138484 48.298924
157 2.03318 0.00817257 127.174 160 8.638693 34.002327 14.115581 48.211689
158 2.03303 0.00559968 127.928 161 8.661812 34.002327 14.123216 48.240768
159 2.03292 0.00641364 128.686 162 8.638693 34.002327 14.153752 48.298924
160 2.03274 0.0139423 129.461 163 8.657959 33.973240 14.203374 48.386159
161 2.03258 0.00878156 130.207 164 8.611721 33.885980 14.157569 48.328002
162 2.03248 0.00519055 130.963 165 8.596309 33.827807 14.142301 48.240768
163 2.03234 0.00609931 131.745 166 8.604015 33.944154 14.153752 48.386159
164 2.03223 0.0121928 132.529 167 8.611721 34.002327 14.184289 48.386159
165 2.03209 0.00771866 133.301 168 8.611721 34.089587 14.184289 48.444315
166 2.03191 0.00540465 134.056 169 8.600162 34.031414 14.180472 48.386159
167 2.03182 0.0104643 134.842 170 8.630987 34.060500 14.165203 48.240768
168 2.03171 0.00629533 135.619 171 8.630987 34.060500 14.157569 48.211689
169 2.03157 0.00476701 136.389 172 8.607868 34.031414 14.161386 48.153533
170 2.03148 0.00789461 137.169 173 8.623281 34.060500 14.165203 48.153533
171 2.03135 0.00623133 137.914 174 8.604015 33.973240 14.153752 48.298924
172 2.0312 0.00715169 138.68 175 8.584749 33.856894 14.142301 48.211689
173 2.03111 0.0128148 139.433 176 8.611721 33.944154 14.176655 48.298924
174 2.031 0.00478366 140.194 177 8.611721 33.944154 14.169021 48.182611
175 2.03094 0.00459559 140.936 178 8.630987 34.031414 14.176655 48.211689
176 2.03085 0.00660438 141.686 179 8.619427 34.089587 14.165203 48.211689
177 2.0308 0.0156497 142.869 180 8.627134 34.002327 14.207191 48.298924
178 2.03067 0.00530956 143.75 181 8.619427 34.031414 14.195740 48.269846
179 2.03062 0.00377948 144.488 182 8.650252 34.089587 14.157569 48.182611
Optimization converged with status CONVERGED_GTTOL.
Total CPU time: 141.34 seconds 
Total wallclock time: 144.488 seconds 
Objective/gradient CPU time: 140.93 seconds 
Objective/gradient wallclock time: 143.95 seconds 
