8 machines found
claire
claire
claire
claire
claire
claire
claire
claire
CRF loss
Parsing training data: ../data/train.txt
Parsing test data: ../data/test.txt
Data loading completed
====================  Summary of settings =================
Training data: ../data/train.txt
Test data: ../data/test.txt
loss: CRF, lambda: 1.000000e-04, Processors: 8
dim: 129, classes: 26
Train: #word=3438, #letter=25953
Test: #word=3439, #letter=26198
===========================================================
iter fn.val gap time feval.num train_lett_err train_word_err test_lett_err test_word_err 
0 24.5949 4.55704 0.273722 1 92.309174 100.000000 92.220780 100.000000
1 20.2607 5.09782 1.09564 3 71.379031 100.000000 71.425300 100.000000
2 17.4237 3.66112 1.498 4 66.662814 99.825480 66.386747 99.883687
3 15.2976 2.67231 1.8803 5 53.442762 97.673066 53.515536 97.702821
4 13.197 2.13497 2.28352 6 45.397449 96.160558 45.663791 95.347485
5 10.856 2.52546 2.70154 7 39.702539 91.855730 40.445836 92.294272
6 9.27168 1.17401 3.15153 8 33.788001 87.056428 34.632415 87.641756
7 8.67999 0.877935 3.53797 9 31.518514 84.293194 32.300176 85.199186
8 7.80033 0.853367 3.9571 10 28.528494 80.453752 29.341934 81.942425
9 7.17584 1.5436 4.33929 11 27.133665 77.254218 28.105199 78.016865
10 6.65223 0.7331 4.72223 12 24.552075 72.833042 25.585923 74.411166
11 6.38958 0.544082 5.14644 13 23.646592 71.931355 24.627834 73.044490
12 5.89935 0.61694 5.56317 14 22.220938 69.342641 23.463623 72.055830
13 5.41367 0.845006 5.95768 15 21.068855 67.219314 22.421559 70.485606
14 5.03634 0.723804 6.38908 16 20.398413 65.852240 22.039850 69.962198
15 4.78652 0.389523 6.77309 17 19.281008 63.699825 20.963432 67.345158
16 4.5562 0.364758 7.18107 18 18.560475 61.140198 20.177113 65.193370
17 4.35319 0.387833 7.58547 19 17.782145 58.871437 19.608367 63.477755
18 4.13935 0.711821 8.01944 20 17.608754 58.406050 20.028246 63.332364
19 3.88662 0.294441 8.41915 21 16.341078 55.119255 18.948011 61.035185
20 3.76659 0.243602 8.82736 22 16.067507 54.333915 18.593022 60.715324
21 3.64562 0.382712 9.26936 23 15.894116 53.577661 18.451790 61.006106
22 3.53435 0.425622 9.71233 24 15.562748 53.083188 18.173143 60.104682
23 3.44749 0.246602 10.0964 25 15.135052 52.036067 17.837239 59.581274
24 3.31728 0.248114 10.4976 26 14.611028 50.407213 17.375372 57.952893
25 3.22642 0.245307 10.9179 27 14.375987 50.087260 17.131079 57.342251
26 3.14575 0.468833 11.3182 28 13.871229 48.051193 17.299030 56.237278
27 3.04395 0.180872 11.738 29 13.347205 46.742292 16.715016 55.597557
28 2.98697 0.191303 12.163 30 13.019689 46.160558 16.428735 54.608898
29 2.90394 0.252415 12.5777 31 12.784649 45.956952 16.318040 54.492585
30 2.88221 0.525151 12.9955 32 13.081339 45.811518 16.386747 53.911021
31 2.79534 0.176965 13.3946 33 12.526490 44.968005 15.966868 53.038674
32 2.76667 0.127418 13.7961 34 12.314569 44.648051 15.890526 53.009596
33 2.72436 0.173042 14.2257 35 12.164297 44.095404 15.913429 52.951439
34 2.66711 0.223547 14.6586 36 12.025585 43.979058 15.798916 52.951439
35 2.62216 0.202813 15.0533 37 11.979347 43.862711 16.035575 53.184065
36 2.58667 0.104757 15.4341 38 11.671098 42.815590 15.898160 52.893283
37 2.55326 0.142085 15.8696 39 11.432204 42.001163 15.711123 52.311719
38 2.51597 0.141247 16.2684 40 11.439911 41.623037 15.714940 51.904623
39 2.47721 0.190277 16.6532 41 11.416792 41.012216 15.627147 51.003199
40 2.4505 0.17307 17.0376 42 11.308905 41.012216 15.566074 50.799651
41 2.42923 0.112613 17.4357 43 11.073864 40.226876 15.474464 50.886886
42 2.40914 0.109213 17.883 44 10.981389 40.255963 15.321780 50.712416
43 2.38505 0.208147 18.2724 45 10.881208 40.255963 15.401939 51.061355
44 2.35997 0.097341 18.6698 46 10.650021 40.023269 15.176731 50.654260
45 2.34655 0.0874927 19.0723 47 10.522868 39.819663 15.142377 50.799651
46 2.32551 0.0987169 19.479 48 10.526721 39.790576 15.104206 51.119511
47 2.31413 0.170599 19.9148 49 10.534428 39.470622 15.127109 50.479791
48 2.29552 0.0776341 20.3332 50 10.345625 39.267016 14.936255 50.363478
49 2.28507 0.0639616 20.7726 51 10.241591 38.743455 14.928621 50.247165
50 2.2749 0.0807199 21.1746 52 10.176088 38.801629 14.875181 50.276243
51 2.26695 0.221755 21.5913 53 10.214619 38.917976 14.905718 50.421634
52 2.25195 0.0800493 21.9762 54 10.064347 38.656195 14.833193 50.276243
53 2.24283 0.0609804 22.4096 55 9.983432 38.510762 14.787388 50.218087
54 2.23488 0.0748072 22.8157 56 10.025816 38.452589 14.814108 50.247165
55 2.22165 0.101899 23.2353 57 9.906369 37.783595 14.802657 50.189008
56 2.21812 0.19131 23.6248 58 10.048935 38.103549 14.795023 49.752835
57 2.20298 0.0571676 24.0163 59 9.810041 37.056428 14.783571 50.014539
58 2.19781 0.0484414 24.4219 60 9.759951 37.201862 14.745400 49.810992
59 2.19039 0.0642768 24.8578 61 9.729126 37.318208 14.657607 49.607444
60 2.18489 0.168807 25.2869 62 9.756098 37.318208 14.726315 49.781913
61 2.17643 0.0724757 25.7135 63 9.713713 37.260035 14.653790 49.549288
62 2.17049 0.0473301 26.1172 64 9.659770 37.056428 14.684327 49.549288
63 2.1658 0.0563567 26.5684 65 9.582707 36.940081 14.676693 49.607444
64 2.15811 0.0621675 26.9809 66 9.478673 36.823735 14.508741 49.142192
65 2.15694 0.184458 27.3939 67 9.482526 36.823735 14.554546 49.171271
66 2.14468 0.0551163 27.7883 68 9.551882 37.027341 14.436217 48.880489
67 2.14063 0.0352702 28.1778 69 9.540323 37.114602 14.451485 48.764176
68 2.13557 0.0439559 28.6136 70 9.486379 36.969168 14.420948 48.880489
69 2.13043 0.0848231 29.0563 71 9.532617 36.969168 14.436217 48.851410
70 2.12488 0.0447805 29.4485 72 9.459407 36.765561 14.394229 49.025880
71 2.12136 0.0374566 29.843 73 9.459407 36.620128 14.371326 48.880489
72 2.11749 0.0493719 30.279 74 9.359226 36.649215 14.378960 48.909567
73 2.11428 0.0410389 30.6793 75 9.309136 36.242001 14.359875 48.676941
74 2.11047 0.0375947 31.1058 76 9.232073 36.125654 14.466753 48.618785
75 2.10586 0.0847052 31.5234 77 9.043271 35.369401 14.371326 48.618785
76 2.10234 0.0529195 31.9227 78 9.008592 35.427574 14.447668 48.967723
77 2.10055 0.0261745 32.3505 79 8.966208 35.340314 14.436217 48.880489
78 2.09892 0.0246182 32.7496 80 8.973914 35.514834 14.413314 48.764176
79 2.09586 0.0572502 33.1692 81 9.000886 35.514834 14.443851 48.822332
80 2.09259 0.0475911 33.5772 82 8.962355 35.398487 14.482022 49.142192
81 2.08974 0.0282412 33.9699 83 8.939236 35.282141 14.474387 49.054958
82 2.08664 0.0257726 34.3521 84 8.877586 35.165794 14.443851 48.938645
83 2.08498 0.0447507 34.7914 85 8.927677 34.991274 14.340789 48.735097
84 2.08279 0.0263481 35.1978 86 8.869880 35.020361 14.344606 48.793254
85 2.07945 0.0266356 35.628 87 8.819790 34.933101 14.398046 48.880489
86 2.07713 0.0434764 36.0517 88 8.896852 35.136707 14.390411 48.851410
87 2.07473 0.0289938 36.5036 89 8.785112 34.787667 14.291167 48.502472
88 2.07291 0.0258703 36.9354 90 8.808230 34.787667 14.310253 48.735097
89 2.07077 0.0427731 37.3292 91 8.673371 34.438627 14.317887 48.589706
90 2.06925 0.0354442 37.7306 92 8.684930 34.525887 14.378960 48.851410
91 2.06808 0.0251867 38.1318 93 8.746580 34.642234 14.394229 48.967723
92 2.0661 0.0216317 38.5484 94 8.735021 34.525887 14.375143 48.880489
93 2.06551 0.0489892 38.9448 95 8.750433 34.351367 14.356058 48.909567
94 2.06441 0.025559 39.3529 96 8.758140 34.380454 14.386594 48.967723
95 2.06298 0.0182102 39.7557 97 8.781258 34.438627 14.336972 48.706019
96 2.06202 0.0217987 40.1391 98 8.731168 34.351367 14.329338 48.531550
97 2.06037 0.0333357 40.5296 99 8.727315 34.496800 14.325521 48.618785
98 2.05968 0.0588346 40.9348 100 8.684930 34.380454 14.268265 48.444315
99 2.05821 0.0167764 41.3639 101 8.700343 34.554974 14.264448 48.444315
100 2.05767 0.0159544 41.7718 102 8.700343 34.467714 14.287350 48.531550
101 2.05672 0.0207968 42.1758 103 8.731168 34.496800 14.298801 48.589706
102 2.05563 0.0403817 42.5542 104 8.708049 34.525887 14.272082 48.531550
103 2.05437 0.0207262 42.944 105 8.723462 34.700407 14.241545 48.415237
104 2.05365 0.0137298 43.3557 106 8.684930 34.700407 14.222460 48.473393
105 2.05287 0.0167392 43.7726 107 8.665665 34.729494 14.245362 48.444315
106 2.05227 0.0355211 44.1832 108 8.773552 34.758581 14.302619 48.386159
107 2.05146 0.0184063 44.5914 109 8.738874 34.671321 14.317887 48.473393
108 2.05053 0.0144714 45.0121 110 8.704196 34.642234 14.298801 48.415237
109 2.04992 0.0162519 45.4427 111 8.723462 34.671321 14.260631 48.444315
110 2.04935 0.0510306 45.8253 112 8.684930 34.525887 14.191923 48.269846
111 2.04791 0.016241 46.2255 113 8.708049 34.758581 14.172838 48.328002
112 2.04741 0.0114905 46.6287 114 8.708049 34.700407 14.176655 48.269846
113 2.04685 0.0173547 47.0058 115 8.719609 34.787667 14.169021 48.298924
114 2.04652 0.0382206 47.4206 116 8.738874 34.729494 14.207191 48.298924
115 2.0459 0.0158484 47.8339 117 8.700343 34.613147 14.149935 48.211689
116 2.04535 0.0128102 48.2258 118 8.692637 34.584061 14.153752 48.240768
117 2.04487 0.0159652 48.6198 119 8.723462 34.554974 14.172838 48.298924
118 2.04418 0.026193 49.0264 120 8.723462 34.409540 14.134667 48.240768
119 2.04353 0.0182815 49.4654 121 8.731168 34.496800 14.115581 48.211689
120 2.04318 0.0100236 49.8556 122 8.742727 34.584061 14.153752 48.124455
121 2.04268 0.0133793 50.244 123 8.719609 34.525887 14.218643 48.298924
122 2.04226 0.0157003 50.6673 124 8.715755 34.525887 14.214826 48.415237
123 2.04174 0.0147899 51.0659 125 8.669518 34.322280 14.161386 48.444315
124 2.04127 0.0113319 51.4649 126 8.715755 34.525887 14.153752 48.357081
125 2.04072 0.0150861 51.869 127 8.711902 34.235020 14.230094 48.444315
126 2.04037 0.0163922 52.2676 128 8.681077 34.176847 14.199557 48.386159
127 2.04008 0.0104072 52.6708 129 8.688784 34.264107 14.218643 48.502472
128 2.03973 0.00962641 53.0803 130 8.638693 34.147760 14.211008 48.502472
129 2.03938 0.0176762 53.4903 131 8.669518 34.235020 14.203374 48.473393
130 2.03897 0.0115821 53.8828 132 8.630987 34.205934 14.264448 48.502472
131 2.03867 0.00972889 54.3268 133 8.615574 34.176847 14.287350 48.589706
132 2.03833 0.0105755 54.7173 134 8.638693 34.176847 14.275899 48.473393
133 2.03804 0.011288 55.1154 135 8.673371 34.176847 14.294984 48.444315
134 2.03773 0.0115853 55.5185 136 8.723462 34.293194 14.283533 48.444315
135 2.03739 0.00996916 55.9424 137 8.719609 34.351367 14.256813 48.386159
136 2.03714 0.0151481 56.3363 138 8.735021 34.438627 14.283533 48.531550
137 2.03694 0.00870053 56.736 139 8.727315 34.409540 14.241545 48.328002
138 2.03676 0.00837383 57.1542 140 8.700343 34.380454 14.268265 48.415237
139 2.03649 0.0123309 57.5597 141 8.642546 34.205934 14.287350 48.415237
140 2.03635 0.0180987 57.9653 142 8.619427 34.205934 14.268265 48.502472
141 2.03612 0.0076234 58.4408 143 8.650252 34.176847 14.264448 48.386159
142 2.03595 0.00649492 58.8557 144 8.665665 34.205934 14.275899 48.444315
143 2.03578 0.00832111 59.269 145 8.657959 34.147760 14.272082 48.531550
144 2.03569 0.0267552 59.6582 146 8.646399 33.973240 14.233911 48.560628
145 2.03541 0.00873396 60.0604 147 8.623281 33.915067 14.222460 48.531550
146 2.03525 0.0068367 60.4665 148 8.611721 33.973240 14.218643 48.531550
147 2.03505 0.010231 60.8608 149 8.619427 33.973240 14.218643 48.589706
148 2.03477 0.0113379 61.2722 150 8.630987 33.944154 14.195740 48.502472
149 2.03464 0.0146711 62.0883 152 8.615574 33.856894 14.184289 48.560628
150 2.0344 0.00712811 62.5307 153 8.634840 33.856894 14.172838 48.618785
151 2.03422 0.00582696 62.9472 154 8.615574 33.769634 14.195740 48.560628
152 2.03404 0.0144636 63.3519 155 8.615574 33.915067 14.169021 48.444315
153 2.03387 0.00749516 63.8131 156 8.615574 33.856894 14.165203 48.444315
154 2.03375 0.00743421 64.2021 157 8.634840 33.915067 14.134667 48.386159
155 2.03346 0.0134522 64.6289 158 8.642546 33.915067 14.153752 48.357081
156 2.03331 0.0126889 65.0436 159 8.650252 34.002327 14.134667 48.153533
157 2.03317 0.00564902 65.4923 160 8.638693 33.973240 14.115581 48.124455
158 2.03307 0.00560607 65.9163 161 8.638693 34.002327 14.138484 48.240768
159 2.03295 0.00710006 66.3403 162 8.638693 34.060500 14.165203 48.328002
160 2.03283 0.0179832 66.7258 163 8.650252 34.060500 14.146118 48.298924
161 2.03264 0.00588528 67.1354 164 8.607868 33.944154 14.123216 48.269846
162 2.03254 0.00558769 67.5511 165 8.596309 33.944154 14.127033 48.182611
163 2.03242 0.00674174 67.9869 166 8.604015 33.885980 14.153752 48.182611
164 2.03232 0.0176048 68.399 167 8.604015 34.031414 14.073593 48.008142
165 2.03214 0.00585139 68.8035 168 8.607868 34.031414 14.111764 48.182611
166 2.03205 0.00441141 69.2106 169 8.604015 33.973240 14.138484 48.269846
167 2.03197 0.00595073 69.6117 170 8.623281 34.002327 14.153752 48.211689
168 2.0318 0.0091383 70.023 171 8.592456 34.031414 14.161386 48.153533
169 2.03168 0.0124955 70.4203 172 8.634840 34.089587 14.169021 48.124455
170 2.03154 0.00455354 70.8248 173 8.634840 34.031414 14.176655 48.182611
171 2.03146 0.00580869 71.2703 174 8.611721 34.002327 14.149935 48.095377
172 2.03137 0.00629903 71.7207 175 8.611721 33.885980 14.142301 48.124455
173 2.03128 0.0158631 72.1788 176 8.642546 34.031414 14.153752 48.153533
174 2.03111 0.00666268 72.5958 177 8.646399 33.915067 14.165203 48.153533
175 2.03104 0.00427705 73.0215 178 8.642546 33.973240 14.161386 48.211689
176 2.03097 0.00529188 73.4045 179 8.630987 34.002327 14.157569 48.182611
177 2.03087 0.00831022 73.7835 180 8.619427 34.002327 14.184289 48.240768
178 2.03076 0.00730915 74.1773 181 8.619427 34.060500 14.172838 48.182611
179 2.03067 0.00452531 74.5882 182 8.592456 34.031414 14.149935 48.124455
180 2.03056 0.00596284 75.0018 183 8.615574 34.060500 14.157569 48.182611
181 2.0305 0.0081802 75.4183 184 8.615574 34.031414 14.138484 48.153533
182 2.03042 0.00536294 75.828 185 8.611721 33.944154 14.134667 48.124455
183 2.03029 0.00447965 76.2618 186 8.627134 34.089587 14.138484 48.182611
184 2.03025 0.00929987 76.6575 187 8.623281 34.002327 14.146118 48.066298
185 2.03019 0.00516332 77.0493 188 8.623281 34.031414 14.149935 48.124455
186 2.0301 0.00380702 77.4823 189 8.611721 33.973240 14.188106 48.182611
187 2.03004 0.00452794 77.8799 190 8.611721 33.973240 14.184289 48.153533
188 2.02995 0.0143953 78.2905 191 8.569337 34.002327 14.146118 48.037220
189 2.02985 0.00518166 78.6906 192 8.592456 34.147760 14.127033 48.037220
190 2.02981 0.00330666 79.0747 193 8.607868 34.147760 14.127033 48.037220
191 2.02976 0.00392986 79.4839 194 8.627134 34.118674 14.111764 47.979064
192 2.02971 0.00484476 79.8718 195 8.619427 34.089587 14.149935 48.124455
193 2.02964 0.0057915 80.3145 196 8.611721 34.118674 14.096496 48.037220
194 2.02958 0.00438661 80.7351 197 8.607868 34.060500 14.104130 48.037220
195 2.02951 0.00356884 81.1328 198 8.600162 34.002327 14.115581 48.066298
196 2.02946 0.00380479 81.6066 199 8.573190 34.031414 14.115581 48.037220
197 2.02942 0.00501488 82.0176 200 8.565484 34.031414 14.119398 47.949985
198 2.02938 0.00306869 82.4647 201 8.553924 34.031414 14.111764 47.979064
199 2.02935 0.00299328 82.8486 202 8.550071 34.002327 14.119398 48.066298
200 2.02929 0.00603513 83.2382 203 8.630987 34.060500 14.111764 48.066298
201 2.02925 0.00542124 83.6571 204 8.630987 34.002327 14.069776 48.066298
202 2.02921 0.00287502 84.0529 205 8.646399 34.089587 14.100313 48.066298
203 2.02918 0.00247289 84.4676 206 8.654105 34.060500 14.085045 48.037220
204 2.02916 0.00392278 84.862 207 8.627134 34.002327 14.111764 48.008142
205 2.02912 0.0026447 85.2507 208 8.615574 34.002327 14.115581 48.008142
206 2.02908 0.00361797 85.6456 209 8.627134 33.973240 14.123216 48.008142
207 2.02905 0.00460173 86.0423 210 8.630987 33.973240 14.111764 47.920907
208 2.02901 0.00310194 86.4608 211 8.634840 33.973240 14.092679 47.920907
209 2.02898 0.00306652 86.8776 212 8.638693 33.973240 14.111764 48.008142
210 2.02894 0.00541455 87.2997 213 8.646399 33.944154 14.107947 47.920907
211 2.02892 0.00389474 87.7267 214 8.634840 33.973240 14.104130 47.862751
212 2.0289 0.00236812 88.1159 215 8.630987 33.973240 14.107947 47.833673
213 2.02888 0.00216179 88.5219 216 8.642546 34.002327 14.127033 47.920907
214 2.02886 0.00236818 88.9504 217 8.627134 34.002327 14.130850 47.862751
215 2.02884 0.00450767 89.3532 218 8.654105 33.944154 14.107947 47.891829
216 2.02882 0.00230281 89.75 219 8.642546 34.002327 14.107947 47.862751
217 2.0288 0.00278045 90.1422 220 8.634840 33.944154 14.107947 47.891829
218 2.02878 0.00316005 90.5392 221 8.627134 33.885980 14.134667 47.920907
219 2.02876 0.00555887 90.957 222 8.634840 33.885980 14.149935 47.979064
220 2.02874 0.00181611 91.3761 223 8.634840 33.885980 14.142301 47.920907
221 2.02873 0.00186388 91.7671 224 8.634840 33.856894 14.153752 47.979064
222 2.02872 0.00237656 92.1691 225 8.638693 33.915067 14.153752 47.979064
223 2.0287 0.00529438 92.5541 226 8.634840 33.944154 14.130850 47.949985
224 2.02868 0.00249804 92.9484 227 8.634840 33.973240 14.134667 47.891829
225 2.02866 0.00184696 93.3519 228 8.623281 33.973240 14.153752 47.949985
226 2.02865 0.00271472 93.7619 229 8.627134 33.944154 14.146118 47.949985
227 2.02864 0.00277975 94.17 230 8.642546 34.031414 14.130850 47.949985
228 2.02863 0.00171136 94.5586 231 8.642546 34.002327 14.153752 48.037220
229 2.02861 0.0021707 94.9898 232 8.634840 34.002327 14.142301 47.920907
230 2.0286 0.00249956 95.3814 233 8.630987 34.002327 14.134667 47.891829
231 2.02859 0.0062998 95.8093 234 8.623281 33.944154 14.157569 48.008142
232 2.02857 0.00188075 96.2015 235 8.630987 34.031414 14.146118 47.979064
233 2.02856 0.00136268 96.6695 236 8.615574 33.973240 14.138484 47.979064
234 2.02855 0.00145519 97.0762 237 8.611721 33.973240 14.138484 47.979064
235 2.02854 0.00303074 97.4784 238 8.615574 33.973240 14.146118 48.008142
236 2.02853 0.00196739 97.8742 239 8.623281 33.973240 14.165203 48.037220
237 2.02852 0.00140998 98.279 240 8.619427 33.973240 14.161386 48.037220
238 2.02851 0.00217585 98.7097 241 8.638693 33.944154 14.153752 48.008142
239 2.02851 0.00294454 99.1286 242 8.611721 33.944154 14.142301 47.979064
240 2.0285 0.00133876 99.5605 243 8.634840 34.002327 14.146118 48.008142
241 2.02849 0.00124864 99.9484 244 8.630987 33.973240 14.149935 47.979064
242 2.02849 0.00162543 100.349 245 8.627134 33.973240 14.153752 47.979064
243 2.02848 0.00366729 100.742 246 8.627134 33.915067 14.153752 48.008142
244 2.02847 0.00174152 101.143 247 8.596309 33.885980 14.130850 47.949985
245 2.02846 0.00107864 101.591 248 8.604015 33.885980 14.130850 47.949985
246 2.02846 0.00119812 102.024 249 8.604015 33.885980 14.134667 47.949985
247 2.02845 0.00157215 102.411 250 8.638693 33.885980 14.119398 47.920907
248 2.02845 0.00204924 102.797 251 8.604015 33.827807 14.115581 47.920907
249 2.02844 0.000963216 103.18 252 8.634840 33.885980 14.123216 47.920907
250 2.02844 0.00111517 103.569 253 8.642546 33.885980 14.130850 47.920907
251 2.02843 0.00153485 103.996 254 8.654105 33.885980 14.130850 47.920907
252 2.02843 0.0013611 104.441 255 8.646399 33.856894 14.130850 47.920907
253 2.02842 0.00121624 104.877 256 8.627134 33.827807 14.127033 47.949985
254 2.02842 0.00118844 105.305 257 8.619427 33.798720 14.142301 47.979064
255 2.02841 0.00128996 105.702 258 8.619427 33.798720 14.149935 47.979064
256 2.02841 0.00102323 106.156 259 8.630987 33.885980 14.153752 47.979064
257 2.0284 0.00120633 106.574 260 8.630987 33.915067 14.161386 47.979064
258 2.0284 0.00111842 107.025 261 8.630987 33.915067 14.142301 47.979064
259 2.02839 0.00102776 107.449 262 8.638693 33.915067 14.138484 47.949985
260 2.02839 0.00106595 107.889 263 8.638693 33.915067 14.138484 47.949985
261 2.02839 0.000794099 108.302 264 8.642546 33.944154 14.142301 47.979064
262 2.02839 0.000935536 108.745 265 8.638693 33.915067 14.134667 47.979064
263 2.02838 0.00144276 109.138 266 8.611721 33.885980 14.146118 48.008142
264 2.02838 0.000877838 109.531 267 8.615574 33.915067 14.123216 47.949985
265 2.02838 0.000722124 109.956 268 8.619427 33.944154 14.138484 48.008142
266 2.02838 0.000868565 110.377 269 8.634840 33.973240 14.138484 48.008142
267 2.02837 0.000835399 110.797 270 8.615574 33.944154 14.146118 48.008142
268 2.02837 0.00154299 111.228 271 8.627134 33.973240 14.142301 47.979064
269 2.02837 0.00074482 111.668 272 8.619427 33.915067 14.142301 47.979064
270 2.02837 0.000773542 112.099 273 8.627134 33.944154 14.146118 48.008142
271 2.02836 0.00103328 112.482 274 8.630987 33.944154 14.146118 48.008142
272 2.02836 0.00145692 112.866 275 8.619427 33.944154 14.153752 48.037220
273 2.02836 0.000625244 113.275 276 8.623281 33.915067 14.146118 48.008142
274 2.02836 0.000642656 113.664 277 8.600162 33.885980 14.146118 48.008142
275 2.02836 0.000824043 114.078 278 8.607868 33.885980 14.138484 48.008142
276 2.02835 0.00190849 114.461 279 8.619427 33.915067 14.146118 48.037220
277 2.02835 0.000795708 114.854 280 8.619427 33.915067 14.134667 48.008142
278 2.02835 0.000614956 115.27 281 8.615574 33.944154 14.134667 48.008142
279 2.02835 0.000704527 115.649 282 8.611721 33.915067 14.134667 48.008142
280 2.02835 0.00175732 116.063 283 8.619427 33.944154 14.119398 47.979064
281 2.02835 0.000515225 116.467 284 8.623281 33.915067 14.119398 47.979064
282 2.02835 0.000423429 116.859 285 8.630987 33.915067 14.119398 47.979064
283 2.02834 0.000591264 117.253 286 8.630987 33.915067 14.115581 47.949985
284 2.02834 0.00116037 117.649 287 8.623281 33.915067 14.115581 47.949985
285 2.02834 0.00078742 118.048 288 8.623281 33.915067 14.107947 47.949985
286 2.02834 0.000580723 118.425 289 8.627134 33.915067 14.100313 47.920907
287 2.02834 0.000882256 118.803 290 8.623281 33.915067 14.107947 47.949985
288 2.02834 0.000793991 119.188 291 8.627134 33.915067 14.104130 47.920907
289 2.02834 0.000533841 119.635 292 8.623281 33.915067 14.111764 47.949985
290 2.02833 0.000484483 120.072 293 8.619427 33.915067 14.107947 47.949985
291 2.02833 0.000608691 120.491 294 8.611721 33.944154 14.104130 47.920907
292 2.02833 0.000509257 120.886 295 8.611721 33.944154 14.104130 47.920907
293 2.02833 0.00142863 121.284 296 8.611721 33.944154 14.107947 47.949985
294 2.02833 0.000538174 121.676 297 8.611721 33.944154 14.115581 47.949985
295 2.02833 0.000398464 122.066 298 8.611721 33.944154 14.115581 47.949985
296 2.02833 0.000571067 122.449 299 8.611721 33.944154 14.107947 47.920907
297 2.02833 0.000920463 122.848 300 8.611721 33.915067 14.111764 47.949985
298 2.02833 0.00121757 123.248 301 8.642546 33.944154 14.111764 47.949985
299 2.02833 0.000345053 123.684 302 8.642546 33.944154 14.111764 47.949985
300 2.02833 0.00035642 124.064 303 8.627134 33.944154 14.111764 47.949985
301 2.02833 0.000485451 124.481 304 8.607868 33.915067 14.119398 47.949985
302 2.02832 0.00124644 124.868 305 8.607868 33.885980 14.119398 47.949985
303 2.02832 0.000591459 125.257 306 8.604015 33.885980 14.119398 47.949985
304 2.02832 0.000356459 125.665 307 8.607868 33.915067 14.119398 47.949985
305 2.02832 0.000388198 126.062 308 8.607868 33.915067 14.119398 47.949985
306 2.02832 0.000945785 126.436 309 8.604015 33.885980 14.123216 47.979064
307 2.02832 0.00039986 126.82 310 8.604015 33.915067 14.119398 47.949985
308 2.02832 0.000299923 127.196 311 8.604015 33.915067 14.119398 47.949985
309 2.02832 0.000425697 127.588 312 8.604015 33.915067 14.119398 47.949985
310 2.02832 0.000753951 127.978 313 8.619427 33.915067 14.119398 47.979064
311 2.02832 0.000584285 128.357 314 8.615574 33.885980 14.127033 47.979064
312 2.02832 0.000328596 128.75 315 8.615574 33.885980 14.127033 47.979064
313 2.02832 0.000393973 129.138 316 8.619427 33.885980 14.127033 47.979064
314 2.02832 0.000523316 129.521 317 8.619427 33.885980 14.127033 47.979064
315 2.02832 0.000322391 129.921 318 8.619427 33.885980 14.127033 47.979064
316 2.02832 0.000279606 130.349 319 8.619427 33.915067 14.127033 47.979064
317 2.02832 0.000516593 130.722 320 8.619427 33.915067 14.134667 48.008142
318 2.02832 0.00028559 131.09 321 8.619427 33.915067 14.134667 48.008142
319 2.02832 0.000239787 131.489 322 8.619427 33.915067 14.138484 48.037220
320 2.02832 0.000380312 131.885 323 8.619427 33.915067 14.130850 48.008142
321 2.02831 0.000326439 132.267 324 8.623281 33.944154 14.127033 47.979064
322 2.02831 0.000343783 132.656 325 8.623281 33.944154 14.130850 47.979064
323 2.02831 0.000682081 133.049 326 8.623281 33.944154 14.127033 47.949985
324 2.02831 0.000245861 133.432 327 8.623281 33.944154 14.130850 47.979064
325 2.02831 0.000263084 133.829 328 8.623281 33.944154 14.130850 47.979064
326 2.02831 0.000417424 134.206 329 8.607868 33.944154 14.130850 47.979064
327 2.02831 0.00074695 134.593 330 8.604015 33.915067 14.138484 48.008142
328 2.02831 0.000311156 134.98 331 8.604015 33.915067 14.127033 47.949985
329 2.02831 0.00019717 135.354 332 8.604015 33.885980 14.127033 47.949985
330 2.02831 0.000240841 135.745 333 8.607868 33.915067 14.127033 47.949985
331 2.02831 0.00056392 136.126 334 8.623281 33.944154 14.127033 47.949985
332 2.02831 0.000243678 136.525 335 8.607868 33.915067 14.119398 47.920907
333 2.02831 0.000194073 136.921 336 8.607868 33.915067 14.119398 47.920907
334 2.02831 0.000325803 137.312 337 8.627134 33.944154 14.123216 47.949985
335 2.02831 0.000502103 137.709 338 8.611721 33.944154 14.127033 47.979064
336 2.02831 0.000316602 138.093 339 8.627134 33.944154 14.130850 47.979064
337 2.02831 0.000199626 138.503 340 8.623281 33.915067 14.130850 47.979064
338 2.02831 0.000222484 138.893 341 8.623281 33.915067 14.130850 47.979064
339 2.02831 0.000339461 139.285 342 8.623281 33.915067 14.130850 47.979064
340 2.02831 0.000227568 139.693 343 8.623281 33.915067 14.130850 47.979064
341 2.02831 0.000188365 140.078 344 8.619427 33.885980 14.130850 47.979064
342 2.02831 0.000244927 140.459 345 8.623281 33.885980 14.127033 47.949985
343 2.02831 0.000328359 140.85 346 8.623281 33.885980 14.127033 47.949985
344 2.02831 0.000331341 141.228 347 8.627134 33.915067 14.127033 47.949985
345 2.02831 0.000182614 141.599 348 8.623281 33.885980 14.127033 47.949985
346 2.02831 0.000157456 142.036 349 8.623281 33.885980 14.130850 47.979064
347 2.02831 0.000282491 142.438 350 8.623281 33.885980 14.138484 48.008142
348 2.02831 0.000260985 142.808 351 8.619427 33.885980 14.130850 48.008142
349 2.02831 0.00018507 143.198 352 8.619427 33.885980 14.130850 48.008142
350 2.02831 0.00022191 143.595 353 8.619427 33.885980 14.130850 48.008142
351 2.02831 0.000177844 143.975 354 8.619427 33.885980 14.119398 47.979064
352 2.02831 0.000160301 144.416 355 8.619427 33.885980 14.130850 48.008142
353 2.02831 0.00039438 144.783 356 8.623281 33.885980 14.130850 48.008142
354 2.02831 0.000148831 145.202 357 8.615574 33.885980 14.138484 48.037220
355 2.02831 0.000149974 145.59 358 8.615574 33.885980 14.138484 48.037220
356 2.02831 0.000204453 145.999 359 8.615574 33.885980 14.138484 48.037220
357 2.02831 0.000293501 146.785 361 8.619427 33.885980 14.146118 48.037220
358 2.02831 0.000176492 147.162 362 8.615574 33.885980 14.149935 48.037220
359 2.02831 0.000116715 147.574 363 8.615574 33.885980 14.146118 48.008142
360 2.02831 0.000200842 147.957 364 8.619427 33.885980 14.138484 47.979064
361 2.02831 0.000154491 148.367 365 8.619427 33.885980 14.146118 48.008142
362 2.02831 0.000134431 148.751 366 8.619427 33.885980 14.146118 48.008142
363 2.02831 0.000396289 149.176 367 8.627134 33.944154 14.142301 48.008142
364 2.02831 0.000172266 149.551 368 8.623281 33.915067 14.146118 48.008142
365 2.02831 0.000166171 149.933 369 8.623281 33.915067 14.146118 48.008142
366 2.02831 0.00021013 150.309 370 8.623281 33.915067 14.146118 48.008142
367 2.02831 0.000189111 151.11 372 8.623281 33.915067 14.146118 48.008142
368 2.02831 0.000123487 151.511 373 8.623281 33.915067 14.146118 48.008142
369 2.02831 0.00014164 151.885 374 8.623281 33.915067 14.146118 48.008142
370 2.02831 0.000185982 152.28 375 8.619427 33.885980 14.146118 48.008142
371 2.02831 0.000152472 152.673 376 8.619427 33.885980 14.146118 48.008142
372 2.02831 0.000182706 153.061 377 8.619427 33.885980 14.146118 48.008142
373 2.02831 0.000318043 153.482 378 8.619427 33.885980 14.146118 48.008142
374 2.02831 0.000122421 153.873 379 8.619427 33.885980 14.146118 48.008142
375 2.02831 0.000114408 154.289 380 8.619427 33.885980 14.146118 48.008142
376 2.02831 0.000138642 154.68 381 8.619427 33.885980 14.146118 48.008142
377 2.02831 0.000356714 155.072 382 8.619427 33.885980 14.142301 48.008142
378 2.02831 0.000133667 155.481 383 8.619427 33.885980 14.142301 48.008142
379 2.02831 0.000100542 155.896 384 8.619427 33.885980 14.142301 48.008142
380 2.02831 0.000122441 156.327 385 8.623281 33.915067 14.142301 48.008142
381 2.02831 0.000321075 156.745 386 8.623281 33.915067 14.142301 48.008142
382 2.02831 0.000135108 157.132 387 8.623281 33.915067 14.142301 48.008142
383 2.02831 0.000110722 157.517 388 8.623281 33.915067 14.142301 48.008142
384 2.02831 0.000144823 157.914 389 8.619427 33.885980 14.142301 48.008142
385 2.02831 0.000275272 158.295 390 8.619427 33.885980 14.142301 48.008142
386 2.02831 0.00026943 158.687 391 8.623281 33.915067 14.142301 48.008142
387 2.02831 0.000104044 159.084 392 8.623281 33.915067 14.142301 48.008142
388 2.02831 0.000104778 159.5 393 8.619427 33.885980 14.142301 48.008142
389 2.02831 0.000139822 159.893 394 8.619427 33.885980 14.142301 48.008142
390 2.02831 0.000303864 160.278 395 8.623281 33.915067 14.142301 48.008142
391 2.02831 0.000172398 160.677 396 8.623281 33.915067 14.142301 48.008142
392 2.02831 0.000104614 161.056 397 8.623281 33.915067 14.142301 48.008142
393 2.02831 0.000115115 161.429 398 8.627134 33.944154 14.142301 48.008142
394 2.02831 0.000166394 161.81 399 8.623281 33.915067 14.142301 48.008142
395 2.02831 9.16018e-05 162.202 400 8.623281 33.915067 14.142301 48.008142
396 2.02831 9.78161e-05 162.59 401 8.619427 33.885980 14.142301 48.008142
397 2.02831 0.000123304 162.966 402 8.619427 33.885980 14.142301 48.008142
398 2.02831 0.000316061 163.373 403 8.619427 33.885980 14.142301 48.008142
399 2.02831 0.00011646 163.76 404 8.619427 33.885980 14.142301 48.008142
400 2.0283 8.71533e-05 164.144 405 8.619427 33.885980 14.142301 48.008142
401 2.0283 0.000114055 164.544 406 8.619427 33.885980 14.142301 48.008142
402 2.0283 0.000244563 164.943 407 8.619427 33.885980 14.142301 48.008142
403 2.0283 0.000118412 165.369 408 8.619427 33.885980 14.142301 48.008142
404 2.0283 7.62334e-05 165.767 409 8.619427 33.885980 14.142301 48.008142
405 2.0283 9.0584e-05 166.178 410 8.619427 33.885980 14.142301 48.008142
406 2.0283 0.00019646 166.594 411 8.619427 33.885980 14.142301 48.008142
407 2.0283 0.000102551 166.973 412 8.619427 33.885980 14.142301 48.008142
408 2.0283 9.12912e-05 167.414 413 8.619427 33.885980 14.142301 48.008142
409 2.0283 0.000111397 167.8 414 8.619427 33.885980 14.142301 48.008142
410 2.0283 0.000317593 168.194 415 8.619427 33.885980 14.142301 48.008142
411 2.0283 0.000102686 168.593 416 8.619427 33.885980 14.142301 48.008142
412 2.0283 7.36004e-05 168.988 417 8.619427 33.885980 14.142301 48.008142
413 2.0283 8.18547e-05 169.383 418 8.623281 33.885980 14.142301 48.008142
414 2.0283 0.0001048 169.775 419 8.623281 33.885980 14.142301 48.008142
415 2.0283 0.000198849 170.204 420 8.623281 33.885980 14.142301 48.008142
416 2.0283 8.15704e-05 170.591 421 8.623281 33.885980 14.142301 48.008142
417 2.0283 8.04997e-05 171.035 422 8.623281 33.885980 14.142301 48.008142
418 2.0283 0.000108472 171.432 423 8.623281 33.885980 14.142301 48.008142
419 2.0283 0.000298896 171.801 424 8.623281 33.885980 14.142301 48.008142
420 2.0283 9.58736e-05 172.204 425 8.623281 33.885980 14.142301 48.008142
421 2.0283 6.88595e-05 172.605 426 8.623281 33.885980 14.142301 48.008142
422 2.0283 8.0679e-05 173.002 427 8.623281 33.885980 14.142301 48.008142
423 2.0283 0.000112413 173.432 428 8.623281 33.885980 14.142301 48.008142
424 2.0283 0.000128414 173.85 429 8.623281 33.885980 14.142301 48.008142
425 2.0283 6.43427e-05 174.224 430 8.623281 33.885980 14.142301 48.008142
426 2.0283 8.98074e-05 174.623 431 8.623281 33.885980 14.142301 48.008142
427 2.0283 0.000103166 175.04 432 8.623281 33.885980 14.142301 48.008142
428 2.0283 0.000249338 175.439 433 8.623281 33.885980 14.142301 48.008142
429 2.0283 7.88783e-05 175.837 434 8.623281 33.885980 14.142301 48.008142
430 2.0283 6.89002e-05 176.251 435 8.623281 33.885980 14.142301 48.008142
431 2.0283 7.65308e-05 176.643 436 8.623281 33.885980 14.142301 48.008142
432 2.0283 0.000150316 177.051 437 8.623281 33.885980 14.142301 48.008142
433 2.0283 9.49347e-05 177.458 438 8.623281 33.885980 14.142301 48.008142
434 2.0283 6.85708e-05 177.839 439 8.623281 33.885980 14.142301 48.008142
435 2.0283 8.70133e-05 178.234 440 8.623281 33.885980 14.142301 48.008142
436 2.0283 0.000210699 178.63 441 8.623281 33.885980 14.142301 48.008142
437 2.0283 8.83716e-05 179.009 442 8.623281 33.885980 14.142301 48.008142
438 2.0283 6.57541e-05 179.438 443 8.623281 33.885980 14.142301 48.008142
439 2.0283 8.31355e-05 179.836 444 8.623281 33.885980 14.142301 48.008142
440 2.0283 9.79092e-05 180.248 445 8.623281 33.885980 14.142301 48.008142
441 2.0283 0.000156685 181. 447 8.623281 33.885980 14.142301 48.008142
442 2.0283 7.82561e-05 181.381 448 8.623281 33.885980 14.142301 48.008142
443 2.0283 5.9579e-05 181.784 449 8.623281 33.885980 14.142301 48.008142
444 2.0283 8.1529e-05 182.181 450 8.623281 33.885980 14.142301 48.008142
445 2.0283 0.000233341 182.603 451 8.623281 33.885980 14.142301 48.008142
446 2.0283 0.000114193 182.997 452 8.623281 33.885980 14.142301 48.008142
447 2.0283 7.40398e-05 183.388 453 8.623281 33.885980 14.142301 48.008142
448 2.0283 8.83041e-05 183.758 454 8.623281 33.885980 14.142301 48.008142
449 2.0283 0.00015819 184.136 455 8.623281 33.885980 14.142301 48.008142
450 2.0283 0.000125507 184.536 456 8.623281 33.885980 14.134667 48.008142
451 2.0283 6.61717e-05 184.918 457 8.623281 33.885980 14.134667 48.008142
452 2.0283 7.97045e-05 185.3 458 8.623281 33.885980 14.142301 48.008142
453 2.0283 9.89054e-05 185.753 459 8.623281 33.885980 14.142301 48.008142
454 2.0283 0.000266226 186.137 460 8.623281 33.885980 14.142301 48.008142
455 2.0283 0.000107736 186.546 461 8.623281 33.885980 14.142301 48.008142
456 2.0283 7.52323e-05 186.939 462 8.623281 33.885980 14.142301 48.008142
457 2.0283 7.98365e-05 187.341 463 8.623281 33.885980 14.142301 48.008142
458 2.0283 0.000244088 187.719 464 8.623281 33.885980 14.142301 48.008142
459 2.0283 9.78214e-05 188.113 465 8.623281 33.885980 14.142301 48.008142
460 2.0283 6.92237e-05 188.529 466 8.623281 33.885980 14.142301 48.008142
461 2.0283 9.22146e-05 188.92 467 8.623281 33.885980 14.142301 48.008142
462 2.0283 0.000158479 189.293 468 8.623281 33.885980 14.142301 48.008142
463 2.0283 0.000248414 189.668 469 8.619427 33.885980 14.142301 48.008142
464 2.0283 7.73344e-05 190.074 470 8.619427 33.885980 14.142301 48.008142
465 2.0283 7.06735e-05 190.497 471 8.619427 33.885980 14.142301 48.008142
466 2.0283 0.000101609 190.912 472 8.619427 33.885980 14.142301 48.008142
467 2.0283 0.000224377 191.311 473 8.619427 33.885980 14.142301 48.008142
468 2.0283 0.000129831 191.691 474 8.619427 33.885980 14.142301 48.008142
469 2.0283 7.21733e-05 192.123 475 8.619427 33.885980 14.142301 48.008142
470 2.0283 9.63724e-05 192.536 476 8.619427 33.885980 14.142301 48.008142
471 2.0283 0.000187078 192.95 477 8.619427 33.885980 14.142301 48.008142
472 2.0283 8.69128e-05 193.366 478 8.619427 33.885980 14.142301 48.008142
473 2.0283 6.71124e-05 193.795 479 8.619427 33.885980 14.142301 48.008142
474 2.0283 9.10057e-05 194.178 480 8.619427 33.885980 14.142301 48.008142
475 2.0283 0.000156676 194.574 481 8.619427 33.885980 14.142301 48.008142
476 2.0283 0.000231009 194.952 482 8.619427 33.885980 14.142301 48.008142
477 2.0283 6.41076e-05 195.364 483 8.619427 33.885980 14.142301 48.008142
478 2.0283 6.24562e-05 195.763 484 8.619427 33.885980 14.142301 48.008142
479 2.0283 8.5976e-05 196.147 485 8.619427 33.885980 14.142301 48.008142
480 2.0283 0.000131312 196.549 486 8.619427 33.885980 14.142301 48.008142
481 2.0283 0.000146859 196.948 487 8.619427 33.885980 14.142301 48.008142
482 2.0283 5.53637e-05 197.33 488 8.619427 33.885980 14.142301 48.008142
483 2.0283 6.17182e-05 197.73 489 8.619427 33.885980 14.142301 48.008142
484 2.0283 7.24158e-05 198.147 490 8.619427 33.885980 14.142301 48.008142
485 2.0283 0.000211102 198.578 491 8.619427 33.885980 14.142301 48.008142
486 2.0283 6.70329e-05 199. 492 8.619427 33.885980 14.142301 48.008142
487 2.0283 6.19128e-05 199.39 493 8.619427 33.885980 14.142301 48.008142
488 2.0283 6.5886e-05 199.783 494 8.619427 33.885980 14.142301 48.008142
489 2.0283 0.000161114 200.183 495 8.619427 33.885980 14.142301 48.008142
490 2.0283 6.32207e-05 200.593 496 8.619427 33.885980 14.142301 48.008142
491 2.0283 6.7028e-05 201.004 497 8.619427 33.885980 14.142301 48.008142
492 2.0283 6.87541e-05 201.403 498 8.619427 33.885980 14.142301 48.008142
493 2.0283 0.00023668 201.783 499 8.619427 33.885980 14.142301 48.008142
494 2.0283 6.94353e-05 202.167 500 8.619427 33.885980 14.142301 48.008142
495 2.0283 4.46844e-05 202.545 501 8.619427 33.885980 14.142301 48.008142
Optimization converged with status CONVERGED_GTTOL.
Total CPU time: 148.13 seconds 
Total wallclock time: 202.545 seconds 
Objective/gradient CPU time: 146.18 seconds 
Objective/gradient wallclock time: 198.878 seconds 
