4 machines found
claire
claire
claire
claire
CRF loss
Parsing training data: ../data/train.txt
Parsing test data: ../data/test.txt
Data loading completed
====================  Summary of settings =================
Training data: ../data/train.txt
Test data: ../data/test.txt
loss: CRF, lambda: 1.000000e-04, Processors: 4
dim: 129, classes: 26
Train: #word=3438, #letter=25953
Test: #word=3439, #letter=26198
===========================================================
iter fn.val gap time feval.num train_lett_err train_word_err test_lett_err test_word_err 
0 24.5949 4.55704 0.406828 1 92.309174 100.000000 92.220780 100.000000
1 20.2607 5.09782 1.43902 3 71.379031 100.000000 71.425300 100.000000
2 17.4237 3.66112 1.97786 4 66.662814 99.825480 66.386747 99.883687
3 15.2976 2.67231 2.41815 5 53.442762 97.673066 53.515536 97.702821
4 13.197 2.13497 2.83496 6 45.397449 96.160558 45.663791 95.347485
5 10.856 2.52546 3.35456 7 39.702539 91.855730 40.445836 92.294272
6 9.27168 1.17401 3.89258 8 33.788001 87.056428 34.632415 87.641756
7 8.67999 0.877935 4.44044 9 31.518514 84.293194 32.300176 85.199186
8 7.80033 0.853367 5.03998 10 28.528494 80.453752 29.341934 81.942425
9 7.17584 1.5436 5.639 11 27.133665 77.254218 28.105199 78.016865
10 6.65223 0.7331 6.23962 12 24.552075 72.833042 25.585923 74.411166
11 6.38958 0.544082 6.80002 13 23.646592 71.931355 24.627834 73.044490
12 5.89935 0.61694 7.33517 14 22.220938 69.342641 23.463623 72.055830
13 5.41367 0.845006 7.89211 15 21.068855 67.219314 22.421559 70.485606
14 5.03634 0.723804 8.45926 16 20.398413 65.852240 22.039850 69.962198
15 4.78652 0.389523 8.94903 17 19.281008 63.699825 20.963432 67.345158
16 4.5562 0.364758 9.55862 18 18.560475 61.140198 20.177113 65.193370
17 4.35319 0.387833 10.1684 19 17.782145 58.871437 19.608367 63.477755
18 4.13935 0.711821 10.6127 20 17.608754 58.406050 20.028246 63.332364
19 3.88662 0.294441 11.1669 21 16.341078 55.119255 18.948011 61.035185
20 3.76659 0.243602 11.7718 22 16.067507 54.333915 18.593022 60.715324
21 3.64562 0.382712 12.2989 23 15.894116 53.577661 18.451790 61.006106
22 3.53435 0.425622 12.8858 24 15.562748 53.083188 18.173143 60.104682
23 3.44749 0.246602 13.4554 25 15.135052 52.036067 17.837239 59.581274
24 3.31728 0.248114 14.0189 26 14.611028 50.407213 17.375372 57.952893
25 3.22642 0.245307 14.6241 27 14.375987 50.087260 17.131079 57.342251
26 3.14575 0.468833 15.1709 28 13.871229 48.051193 17.299030 56.237278
27 3.04395 0.180872 15.7826 29 13.347205 46.742292 16.715016 55.597557
28 2.98697 0.191303 16.323 30 13.019689 46.160558 16.428735 54.608898
29 2.90394 0.252415 16.8058 31 12.784649 45.956952 16.318040 54.492585
30 2.88221 0.525151 17.4089 32 13.081339 45.811518 16.386747 53.911021
31 2.79534 0.176965 17.9827 33 12.526490 44.968005 15.966868 53.038674
32 2.76667 0.127418 18.4247 34 12.314569 44.648051 15.890526 53.009596
33 2.72436 0.173042 18.8406 35 12.164297 44.095404 15.913429 52.951439
34 2.66711 0.223547 19.3696 36 12.025585 43.979058 15.798916 52.951439
35 2.62216 0.202813 19.8798 37 11.979347 43.862711 16.035575 53.184065
36 2.58667 0.104757 20.4875 38 11.671098 42.815590 15.898160 52.893283
37 2.55326 0.142085 21.0949 39 11.432204 42.001163 15.711123 52.311719
38 2.51597 0.141247 21.7013 40 11.439911 41.623037 15.714940 51.904623
39 2.47721 0.190277 22.2982 41 11.416792 41.012216 15.627147 51.003199
40 2.4505 0.17307 22.9085 42 11.308905 41.012216 15.566074 50.799651
41 2.42923 0.112613 23.5022 43 11.073864 40.226876 15.474464 50.886886
42 2.40914 0.109213 24.0471 44 10.981389 40.255963 15.321780 50.712416
43 2.38505 0.208147 24.6611 45 10.881208 40.255963 15.401939 51.061355
44 2.35997 0.097341 25.1673 46 10.650021 40.023269 15.176731 50.654260
45 2.34655 0.0874927 25.7739 47 10.522868 39.819663 15.142377 50.799651
46 2.32551 0.0987169 26.3785 48 10.526721 39.790576 15.104206 51.119511
47 2.31413 0.170599 26.9035 49 10.534428 39.470622 15.127109 50.479791
48 2.29552 0.0776341 27.4788 50 10.345625 39.267016 14.936255 50.363478
49 2.28507 0.0639616 28.0107 51 10.241591 38.743455 14.928621 50.247165
50 2.2749 0.0807199 28.5445 52 10.176088 38.801629 14.875181 50.276243
51 2.26695 0.221755 29.1507 53 10.214619 38.917976 14.905718 50.421634
52 2.25195 0.0800493 29.7055 54 10.064347 38.656195 14.833193 50.276243
53 2.24283 0.0609804 30.2421 55 9.983432 38.510762 14.787388 50.218087
54 2.23488 0.0748072 30.8456 56 10.025816 38.452589 14.814108 50.247165
55 2.22165 0.101899 31.4036 57 9.906369 37.783595 14.802657 50.189008
56 2.21812 0.19131 32.0132 58 10.048935 38.103549 14.795023 49.752835
57 2.20298 0.0571676 32.4491 59 9.810041 37.056428 14.783571 50.014539
58 2.19781 0.0484414 32.984 60 9.759951 37.201862 14.745400 49.810992
59 2.19039 0.0642768 33.5144 61 9.729126 37.318208 14.657607 49.607444
60 2.18489 0.168807 34.0651 62 9.756098 37.318208 14.726315 49.781913
61 2.17643 0.0724757 34.5281 63 9.713713 37.260035 14.653790 49.549288
62 2.17049 0.0473301 35.1215 64 9.659770 37.056428 14.684327 49.549288
63 2.1658 0.0563567 35.7355 65 9.582707 36.940081 14.676693 49.607444
64 2.15811 0.0621675 36.3423 66 9.478673 36.823735 14.508741 49.142192
65 2.15694 0.184458 36.9507 67 9.482526 36.823735 14.554546 49.171271
66 2.14468 0.0551163 37.5593 68 9.551882 37.027341 14.436217 48.880489
67 2.14063 0.0352702 38.1667 69 9.540323 37.114602 14.451485 48.764176
68 2.13557 0.0439559 38.6222 70 9.486379 36.969168 14.420948 48.880489
69 2.13043 0.0848231 39.1819 71 9.532617 36.969168 14.436217 48.851410
70 2.12488 0.0447805 39.7651 72 9.459407 36.765561 14.394229 49.025880
71 2.12136 0.0374566 40.2855 73 9.459407 36.620128 14.371326 48.880489
72 2.11749 0.0493719 40.826 74 9.359226 36.649215 14.378960 48.909567
73 2.11428 0.0410389 41.4384 75 9.309136 36.242001 14.359875 48.676941
74 2.11047 0.0375947 41.9847 76 9.232073 36.125654 14.466753 48.618785
75 2.10586 0.0847052 42.4819 77 9.043271 35.369401 14.371326 48.618785
76 2.10234 0.0529195 43.0235 78 9.008592 35.427574 14.447668 48.967723
77 2.10055 0.0261745 43.6192 79 8.966208 35.340314 14.436217 48.880489
78 2.09892 0.0246182 44.0932 80 8.973914 35.514834 14.413314 48.764176
79 2.09586 0.0572502 44.6246 81 9.000886 35.514834 14.443851 48.822332
80 2.09259 0.0475911 45.1514 82 8.962355 35.398487 14.482022 49.142192
81 2.08974 0.0282412 45.7606 83 8.939236 35.282141 14.474387 49.054958
82 2.08664 0.0257726 46.1992 84 8.877586 35.165794 14.443851 48.938645
83 2.08498 0.0447507 46.6233 85 8.927677 34.991274 14.340789 48.735097
84 2.08279 0.0263481 47.0412 86 8.869880 35.020361 14.344606 48.793254
85 2.07945 0.0266356 47.4591 87 8.819790 34.933101 14.398046 48.880489
86 2.07713 0.0434763 47.8837 88 8.896852 35.136707 14.390411 48.851410
87 2.07473 0.0289938 48.3714 89 8.785112 34.787667 14.291167 48.502472
88 2.07291 0.0258704 48.8004 90 8.808230 34.787667 14.310253 48.735097
89 2.07077 0.0427729 49.2245 91 8.673371 34.438627 14.317887 48.589706
90 2.06925 0.0354443 49.6734 92 8.684930 34.525887 14.378960 48.851410
91 2.06808 0.0251867 50.2042 93 8.746580 34.642234 14.394229 48.967723
92 2.0661 0.0216317 50.7347 94 8.735021 34.525887 14.375143 48.880489
93 2.06551 0.048989 51.2584 95 8.750433 34.351367 14.356058 48.909567
94 2.06441 0.0255591 51.8638 96 8.758140 34.380454 14.386594 48.967723
95 2.06298 0.0182102 52.4729 97 8.781258 34.438627 14.336972 48.706019
96 2.06202 0.0217986 53.0704 98 8.731168 34.351367 14.329338 48.531550
97 2.06037 0.0333357 53.4875 99 8.727315 34.496800 14.325521 48.618785
98 2.05968 0.0588336 53.9163 100 8.684930 34.380454 14.268265 48.444315
99 2.05821 0.0167765 54.4438 101 8.700343 34.554974 14.264448 48.444315
100 2.05767 0.0159545 55.0551 102 8.700343 34.467714 14.287350 48.531550
101 2.05672 0.0207968 55.63 103 8.731168 34.496800 14.298801 48.589706
102 2.05563 0.0403827 56.165 104 8.708049 34.525887 14.272082 48.531550
103 2.05437 0.020726 56.6914 105 8.723462 34.700407 14.241545 48.415237
104 2.05365 0.0137297 57.2167 106 8.684930 34.700407 14.222460 48.473393
105 2.05287 0.0167389 57.745 107 8.665665 34.729494 14.245362 48.444315
106 2.05227 0.0355238 58.1782 108 8.773552 34.758581 14.302619 48.386159
107 2.05146 0.0184062 58.6883 109 8.738874 34.671321 14.317887 48.473393
108 2.05053 0.0144713 59.222 110 8.704196 34.642234 14.298801 48.415237
109 2.04992 0.0162524 59.6755 111 8.723462 34.671321 14.260631 48.444315
110 2.04935 0.0510111 60.2154 112 8.684930 34.525887 14.191923 48.269846
111 2.04791 0.0162398 60.6555 113 8.708049 34.758581 14.172838 48.328002
112 2.04741 0.0114906 61.1649 114 8.708049 34.700407 14.176655 48.269846
113 2.04685 0.0173574 61.6085 115 8.719609 34.787667 14.169021 48.298924
114 2.04652 0.0382119 62.1552 116 8.738874 34.729494 14.207191 48.298924
115 2.0459 0.0158449 62.7549 117 8.700343 34.613147 14.149935 48.211689
116 2.04535 0.0128152 63.3684 118 8.692637 34.584061 14.153752 48.240768
117 2.04487 0.0159702 63.9231 119 8.723462 34.554974 14.172838 48.298924
118 2.04418 0.0261972 64.4519 120 8.723462 34.409540 14.134667 48.240768
119 2.04353 0.0182744 64.9857 121 8.731168 34.496800 14.115581 48.211689
120 2.04318 0.0100237 65.5584 122 8.742727 34.584061 14.153752 48.124455
121 2.04268 0.013378 65.9874 123 8.719609 34.525887 14.218643 48.298924
122 2.04226 0.0157386 66.5231 124 8.715755 34.525887 14.214826 48.415237
123 2.04174 0.0147048 67.0456 125 8.673371 34.322280 14.161386 48.444315
124 2.04127 0.0113237 67.5813 126 8.715755 34.525887 14.153752 48.357081
125 2.04071 0.0153159 68.1351 127 8.711902 34.235020 14.230094 48.444315
126 2.04036 0.0161371 68.6474 128 8.681077 34.176847 14.199557 48.386159
127 2.04008 0.0103702 69.1677 129 8.688784 34.264107 14.218643 48.502472
128 2.03973 0.00961933 69.7059 130 8.638693 34.147760 14.211008 48.502472
129 2.03938 0.0185402 70.1406 131 8.673371 34.264107 14.211008 48.531550
130 2.03896 0.0111523 70.5599 132 8.627134 34.205934 14.252996 48.502472
131 2.03867 0.00945518 70.9844 133 8.615574 34.176847 14.283533 48.589706
132 2.03832 0.0109714 71.4161 134 8.646399 34.176847 14.275899 48.502472
133 2.03803 0.010978 71.8459 135 8.673371 34.205934 14.298801 48.444315
134 2.03773 0.0104808 72.3983 136 8.727315 34.293194 14.272082 48.473393
135 2.03738 0.0116456 72.9438 137 8.723462 34.380454 14.249179 48.386159
136 2.03716 0.0173795 73.4193 138 8.750433 34.467714 14.268265 48.531550
137 2.03696 0.0084845 73.9998 139 8.727315 34.438627 14.256813 48.386159
138 2.03674 0.00812193 74.565 140 8.696490 34.380454 14.279716 48.415237
139 2.03652 0.00954678 75.1698 141 8.673371 34.322280 14.272082 48.386159
140 2.03645 0.0277734 75.7732 142 8.611721 34.264107 14.245362 48.444315
141 2.03607 0.00781135 76.2348 143 8.642546 34.147760 14.260631 48.473393
142 2.03594 0.00585349 76.7414 144 8.646399 34.147760 14.264448 48.444315
143 2.03573 0.00799636 77.1759 145 8.669518 34.205934 14.283533 48.560628
144 2.03553 0.0189566 77.7891 146 8.657959 34.002327 14.230094 48.531550
145 2.03527 0.00929795 78.3115 147 8.627134 33.973240 14.207191 48.473393
146 2.03503 0.00622151 78.8508 148 8.611721 33.856894 14.184289 48.415237
147 2.03484 0.0107895 79.3384 149 8.619427 33.885980 14.172838 48.502472
148 2.0347 0.0136207 79.8774 150 8.646399 33.915067 14.199557 48.444315
149 2.03452 0.00673206 80.4887 151 8.650252 33.915067 14.153752 48.473393
150 2.03436 0.00703099 81.0228 152 8.623281 33.827807 14.153752 48.444315
151 2.03418 0.00840877 81.6207 153 8.623281 33.856894 14.165203 48.531550
152 2.03396 0.0197082 82.1847 154 8.619427 33.798720 14.199557 48.502472
153 2.03369 0.00848687 82.7489 155 8.638693 33.973240 14.199557 48.415237
154 2.03359 0.00537172 83.262 156 8.627134 33.885980 14.180472 48.415237
155 2.03347 0.00571111 83.7933 157 8.665665 34.002327 14.188106 48.357081
156 2.03334 0.00767404 84.329 158 8.677224 34.089587 14.138484 48.328002
157 2.03324 0.0215617 84.8847 159 8.723462 34.147760 14.142301 48.269846
158 2.03303 0.00698489 85.3582 160 8.688784 34.089587 14.169021 48.328002
159 2.03291 0.00648546 85.8253 161 8.654105 33.973240 14.199557 48.415237
160 2.03277 0.00816589 86.4365 162 8.627134 33.915067 14.191923 48.357081
161 2.03253 0.0105201 86.9496 163 8.611721 33.856894 14.149935 48.240768
162 2.03243 0.0104098 87.9227 165 8.600162 33.915067 14.161386 48.298924
163 2.03232 0.00534834 88.5359 166 8.615574 33.973240 14.146118 48.269846
164 2.03221 0.005525 89.0135 167 8.611721 34.002327 14.130850 48.182611
165 2.03208 0.00734016 89.6009 168 8.607868 33.973240 14.123216 48.095377
166 2.03197 0.0144122 90.1573 169 8.638693 33.973240 14.123216 48.124455
167 2.03183 0.00641493 90.6998 170 8.630987 33.973240 14.115581 48.037220
168 2.0317 0.00612655 91.3036 171 8.623281 33.944154 14.157569 48.182611
169 2.0316 0.00653727 91.9086 172 8.654105 34.060500 14.153752 48.153533
170 2.0315 0.014789 93.0488 174 8.623281 34.002327 14.184289 48.211689
171 2.03135 0.00615995 93.6602 175 8.634840 34.031414 14.138484 48.124455
172 2.03128 0.00405874 94.2709 176 8.623281 33.973240 14.127033 48.124455
Optimization converged with status CONVERGED_GTTOL.
Total CPU time: 87.11 seconds 
Total wallclock time: 94.2709 seconds 
Objective/gradient CPU time: 86.55 seconds 
Objective/gradient wallclock time: 93.4503 seconds 
