==> training in progress with 3438 words	
iter fn.val gap time feval.num train_lett_err train_word_err test_lett_err test_word_err	
0 24.5949 186.2461 70.788 0.0000 92.31 100.00 92.22 100.00	
1 121.4978 74.6631 212.034 0.2909 35.32 86.68 36.57 88.40	
2 91.7731 46.6493 348.969 0.5817 26.74 74.37 29.12 78.57	
3 79.6625 43.6544 483.172 0.8726 24.87 73.65 26.89 75.84	
4 67.7807 37.4108 615.518 1.1635 22.44 68.27 24.90 71.71	
5 59.3643 30.7269 748.438 1.4543 20.86 63.67 23.40 68.10	
6 52.2306 27.0498 883.291 1.7452 19.96 63.00 22.80 68.19	
7 47.4500 25.8193 1017.132 2.0361 19.06 60.79 21.99 67.05	
8 42.2576 19.0467 1153.779 2.3269 18.95 59.95 22.19 66.76	
9 39.3613 26.6363 1287.848 2.6178 18.98 60.30 22.32 65.08	
10 35.9864 24.4762 1422.902 2.9087 19.09 60.79 22.64 66.24	
11 34.5751 27.9843 1561.021 3.1995 20.56 63.96 24.01 68.33	
12 31.7026 27.3111 1696.407 3.4904 21.23 64.46 24.24 68.28	
13 30.6812 28.2944 1831.854 3.7813 22.23 66.40 25.00 70.83	
14 31.4946 39.5112 1968.305 4.0721 22.90 66.67 25.86 71.53	
15 32.0610 34.4067 2104.501 4.3630 23.63 68.85 26.96 73.45	
16 32.5162 34.9135 2240.017 4.6539 24.35 69.43 27.15 74.96	
17 35.4864 42.3210 2373.601 4.9447 25.64 72.22 28.84 76.36	
18 36.9566 48.3209 2508.367 5.2356 26.80 72.95 28.93 76.21	
19 35.1623 44.7541 2641.007 5.5265 25.90 72.05 28.41 76.07	
20 38.2286 59.0773 2773.029 5.8173 26.68 74.75 28.37 76.42	
21 33.5170 33.7334 2907.960 6.1082 23.14 68.35 25.19 70.78	
22 34.6830 36.4705 3040.304 6.3991 24.51 70.16 26.50 72.84	
23 35.1200 39.7689 3171.945 6.6899 25.25 71.23 27.32 74.15	
24 39.1287 49.3188 3305.250 6.9808 27.15 74.55 28.95 77.23	
25 39.1159 48.8652 3435.911 7.2717 26.28 72.75 28.65 75.72	
26 45.9454 55.8965 3568.142 7.5625 29.35 77.66 31.30 79.15	
27 44.3111 43.5881 3698.268 7.8534 25.65 71.55 28.35 75.20	
28 45.0104 42.7857 3829.106 8.1443 25.90 73.44 28.66 76.53	
29 45.1695 36.7094 3959.753 8.4351 25.26 72.51 27.78 75.31	
30 47.6283 43.6084 4089.810 8.7260 26.63 72.16 28.50 74.38	
31 46.3840 36.7531 4217.295 9.0169 25.37 71.55 27.22 74.85	
32 46.3378 37.9488 4345.906 9.3077 24.42 70.13 26.17 73.66	
33 48.0923 42.1461 4473.538 9.5986 25.66 72.37 28.19 75.37	
34 46.5747 46.3372 4601.210 9.8895 25.49 73.33 27.86 76.42	
35 45.9860 43.7697 4730.012 10.1803 24.63 70.22 27.51 74.85	
36 53.9387 54.6534 4857.434 10.4712 26.79 73.07 29.48 76.82	
37 56.4567 55.8792 4985.332 10.7621 27.47 76.64 29.78 79.27	
38 52.8391 36.7242 5113.437 11.0529 24.76 70.24 27.28 73.54	
39 51.6288 44.5371 5241.256 11.3438 24.84 69.63 27.93 74.09	
40 50.5072 41.5892 5369.474 11.6347 25.35 71.87 27.49 74.29	
41 51.5878 45.8555 5496.721 11.9255 26.26 73.50 28.91 77.35	
42 53.2322 53.9849 5625.161 12.2164 26.91 73.04 29.48 77.73	
43 50.4101 47.9055 5752.292 12.5073 25.63 73.07 28.35 77.14	
44 55.9745 48.5041 5880.127 12.7981 27.11 74.17 29.79 78.08	
45 61.3375 64.4158 6007.237 13.0890 26.77 74.72 29.35 77.81	
46 59.0090 41.9482 6133.061 13.3799 25.85 73.62 27.99 77.12	
47 58.6104 52.1142 6259.580 13.6707 26.73 72.75 29.24 77.76	
48 61.4799 51.0217 6385.838 13.9616 27.66 75.77 30.38 78.74	
49 57.0680 37.1463 6512.875 14.2525 24.50 70.16 27.21 73.77	
50 58.7134 52.4625 6638.960 14.5433 27.66 73.53 29.71 76.65	
51 59.8689 56.0192 6764.897 14.8342 26.63 73.18 29.19 76.39	
52 55.5384 43.4357 6891.195 15.1251 25.32 74.61 28.17 77.14	
53 54.6899 46.4949 7016.912 15.4159 25.55 73.07 27.65 77.14	
54 58.5322 47.2807 7142.637 15.7068 28.29 77.78 30.40 79.97	
55 56.0667 47.8367 7268.069 15.9977 25.25 71.06 28.12 76.18	
56 53.5401 42.0794 7392.904 16.2885 24.97 73.18 27.42 75.28	
57 55.1650 46.1358 7518.215 16.5794 26.03 71.90 28.15 75.46	
58 59.8872 54.1049 7644.547 16.8703 27.29 74.32 29.81 78.31	
59 60.0889 50.2435 7769.065 17.1611 27.25 75.51 29.37 79.01	
60 63.6986 55.3075 7894.417 17.4520 27.59 76.32 29.64 77.12	
61 59.8608 39.3109 8019.445 17.7429 24.24 71.55 26.52 73.83	
62 63.3271 46.1797 8144.163 18.0337 27.07 73.44 29.50 76.97	
63 61.2608 42.9966 8268.543 18.3246 26.02 73.44 28.73 77.49	
64 57.7096 38.6182 8393.883 18.6155 25.63 72.45 27.61 74.35	
65 60.5113 56.4891 8518.146 18.9063 27.22 74.75 29.14 76.88	
66 56.2284 43.3235 8643.013 19.1972 24.74 70.19 26.92 72.70	
67 56.1319 48.3506 8767.782 19.4881 25.48 72.45 28.14 75.84	
68 58.5163 53.9755 8891.793 19.7789 27.35 74.37 28.95 76.36	
69 63.5723 62.1999 9017.162 20.0698 28.28 76.73 30.63 80.02	
70 58.5303 43.4200 9141.473 20.3607 26.63 71.90 28.23 74.18	
71 54.8467 53.0102 9266.306 20.6515 26.31 74.78 28.70 77.99	
72 62.1454 53.5129 9391.149 20.9424 26.62 73.47 28.98 75.69	
73 67.2507 63.9895 9515.522 21.2333 28.93 76.88 31.75 79.79	
74 62.9334 55.4642 9640.729 21.5241 26.35 72.34 28.42 74.41	
75 59.6341 41.1680 9764.413 21.8150 25.52 72.57 27.55 75.92	
76 60.0486 54.2167 9888.415 22.1059 26.48 73.62 28.36 76.77	
77 64.6844 52.1239 10012.123 22.3967 26.79 73.07 29.19 77.55	
78 60.1278 51.6568 10136.405 22.6876 27.07 75.31 28.59 77.61	
79 63.8354 56.6218 10260.724 22.9785 28.10 76.09 30.66 78.05	
80 53.8655 37.3271 10385.267 23.2693 24.51 70.68 27.25 74.91	
81 56.4725 47.8834 10509.378 23.5602 26.26 73.01 28.90 75.08	
82 58.3783 46.5003 10634.580 23.8511 27.32 76.79 29.60 78.89	
83 57.2725 49.3119 10759.512 24.1419 26.97 73.73 28.99 76.59	
84 58.9199 44.1091 10883.520 24.4328 25.70 73.44 28.51 77.93	
85 59.6785 49.7974 11008.412 24.7237 26.31 75.95 27.85 77.26	
86 57.8387 48.2708 11133.957 25.0145 26.37 73.76 28.72 76.50	
87 57.2205 45.0595 11258.153 25.3054 26.60 74.87 28.69 76.82	
88 55.9495 52.0509 11382.034 25.5963 27.30 74.11 29.64 77.61	
89 58.1551 47.6892 11506.157 25.8871 26.39 73.15 28.72 75.87	
90 58.7537 49.3513 11629.944 26.1780 25.35 72.05 28.66 76.85	
91 58.7866 51.4307 11753.961 26.4689 26.52 73.36 29.48 76.91	
92 59.9550 45.9545 11877.541 26.7597 26.16 73.27 28.30 77.23	
93 60.8174 47.8917 12002.013 27.0506 26.02 71.55 28.85 75.63	
94 58.8589 48.0403 12126.636 27.3415 26.74 73.30 29.20 76.27	
95 55.0335 39.7215 12250.670 27.6323 25.36 71.47 27.77 73.92	
96 61.2988 50.1080 12374.393 27.9232 25.97 75.48 28.39 78.19	
97 61.8201 53.5695 12498.505 28.2141 26.32 73.30 28.49 76.71	
98 56.5458 43.1504 12622.528 28.5049 26.17 72.98 29.28 77.32	
99 57.7690 48.4047 12747.971 28.7958 26.61 72.89 29.13 76.50	
100 57.7349 55.2792 12872.161 29.0867 28.20 77.05 30.43 79.79	
101 55.1238 43.3096 12997.166 29.3775 26.94 74.03 28.58 75.92	
102 55.1999 35.7783 13120.741 29.6684 26.15 73.27 27.87 76.71	
103 52.1363 40.0344 13245.469 29.9593 24.49 71.15 26.54 74.53	
104 49.9924 30.9438 13370.300 30.2501 24.11 70.48 26.31 73.25	
105 56.8941 51.6627 13494.526 30.5410 26.24 74.03 28.42 76.45	
106 61.7856 45.1734 13620.024 30.8319 26.21 72.98 28.02 75.40	
107 60.4918 49.9515 13744.751 31.1227 26.72 74.49 29.27 77.78	
108 64.6819 51.8549 13869.146 31.4136 28.21 77.37 29.99 79.47	
109 58.7339 42.2267 13993.660 31.7045 26.69 74.93 29.57 77.67	
110 62.4415 47.5533 14117.677 31.9953 25.50 71.23 27.98 74.21	
111 62.9589 48.9593 14242.170 32.2862 27.57 74.49 30.46 77.84	
112 61.5429 50.0331 14366.628 32.5771 26.56 73.71 29.13 76.33	
113 63.3567 47.7615 14490.148 32.8679 26.30 74.72 29.31 77.52	
114 62.0522 48.7240 14613.205 33.1588 26.78 74.87 29.37 76.77	
115 64.5552 52.5378 14736.861 33.4497 25.52 72.75 28.79 76.36	
116 67.3741 53.4113 14860.183 33.7405 27.85 74.03 30.71 77.96	
117 59.5471 32.5616 14983.470 34.0314 24.07 70.39 26.62 73.48	
118 62.5818 46.7746 15106.630 34.3223 24.94 70.65 27.07 73.63	
119 59.1858 41.3556 15230.117 34.6131 25.26 70.42 27.62 73.39	
120 59.3195 46.8419 15352.988 34.9040 25.33 72.28 27.73 75.20	
121 56.0798 34.7063 15477.618 35.1949 25.46 72.25 27.14 74.21	
122 56.2317 39.4343 15600.952 35.4857 26.29 72.25 28.96 76.27	
123 59.2481 48.2047 15724.108 35.7766 26.49 75.74 29.45 78.28	
124 58.5372 47.0700 15846.632 36.0675 26.89 73.59 28.98 76.74	
125 56.3962 38.8212 15970.453 36.3583 25.41 73.76 27.30 75.84	
126 72.8061 69.9152 16094.545 36.6492 31.06 82.05 32.84 83.40	
127 65.4443 56.7383 16217.789 36.9401 26.23 75.71 28.11 78.13	
128 68.7833 62.4348 16341.515 37.2309 27.16 76.50 28.80 77.67	
129 72.0116 59.9120 16465.539 37.5218 28.09 76.44 29.62 78.37	
130 64.9015 44.5055 16589.989 37.8127 25.73 73.59 27.75 77.32	
131 64.7633 47.2740 16713.570 38.1035 25.64 73.18 28.03 76.33	
132 68.6703 58.2683 16837.114 38.3944 27.73 73.62 30.26 77.20	
133 61.0643 41.1494 16960.592 38.6853 26.54 72.69 28.61 76.82	
134 57.5442 41.3946 17085.387 38.9761 25.75 73.12 27.87 75.78	
135 57.5885 50.7710 17209.004 39.2670 27.32 74.17 29.37 76.94	
136 58.5789 46.9406 17332.407 39.5579 27.16 74.72 28.80 77.58	
137 59.9694 50.6534 17455.624 39.8487 26.44 73.88 28.99 76.68	
138 57.6128 44.0073 17578.756 40.1396 24.41 71.09 27.15 74.96	
139 62.5519 42.5892 17701.705 40.4305 26.32 75.07 28.56 76.97	
140 64.8798 49.2060 17825.088 40.7213 27.63 76.53 29.07 79.33	
141 61.0796 46.5859 17949.041 41.0122 25.42 72.43 27.86 75.84	
142 64.2713 50.9166 18072.043 41.3031 26.56 72.54 28.36 75.57	
143 62.3875 43.5281 18195.093 41.5939 25.72 69.92 28.42 74.44	
144 65.2951 44.7967 18318.499 41.8848 25.30 70.71 27.89 74.35	
145 65.9593 59.4771 18441.614 42.1757 26.79 71.82 29.76 75.57	
146 60.4634 45.3753 18564.621 42.4666 25.63 72.02 27.76 72.99	
147 58.8329 43.2870 18686.959 42.7574 25.20 71.61 27.70 75.28	
148 62.2922 50.2126 18810.310 43.0483 24.90 69.78 28.37 73.54	
149 68.5487 67.5147 18934.174 43.3392 29.05 75.92 31.28 78.63	
150 61.7174 44.4241 19057.431 43.6300 24.95 71.64 27.50 74.41	
151 61.2959 48.2470 19179.826 43.9209 26.68 75.48 29.37 78.83	
152 60.9643 42.7496 19302.637 44.2118 26.21 74.55 28.72 77.38	
153 59.5090 44.8042 19425.018 44.5026 26.22 73.53 28.79 76.59	
154 61.9217 59.5618 19547.738 44.7935 27.01 73.79 29.78 77.38	
155 61.8068 47.4755 19670.577 45.0844 26.25 72.89 28.73 78.13	
156 62.4799 51.6574 19793.375 45.3752 27.31 74.43 29.28 76.42	
157 60.2641 52.6886 19916.384 45.6661 26.33 74.69 28.31 77.29	
158 61.0318 47.3214 20039.320 45.9570 26.07 73.18 28.11 76.27	
159 63.4823 55.6614 20161.977 46.2478 27.12 76.38 29.30 80.11	
160 58.4126 42.6902 20284.668 46.5387 25.04 71.15 26.87 73.16	
161 59.2899 33.6096 20408.241 46.8296 25.15 72.08 27.59 75.72	
162 61.8060 48.7898 20531.312 47.1204 27.15 74.40 29.49 78.71	
163 57.5005 46.4433 20655.324 47.4113 24.98 71.58 28.09 74.93	
164 62.9474 52.1132 20778.205 47.7022 26.14 73.82 28.14 75.28	
165 64.4235 56.9048 20901.340 47.9930 27.66 77.40 29.96 79.12	
166 67.4239 54.0595 21024.283 48.2839 27.60 75.77 29.90 79.85	
167 65.3342 53.8372 21147.571 48.5748 27.46 74.29 30.06 78.51	
168 63.1816 46.4815 21271.754 48.8656 25.55 72.28 27.72 75.78	
169 62.3859 50.1014 21395.083 49.1565 25.73 73.12 28.64 77.35	
170 61.1887 49.2001 21517.846 49.4474 27.43 74.08 29.60 76.82	
171 59.4298 51.0707 21640.934 49.7382 26.26 74.81 28.44 76.82	
172 59.7731 49.4330 21763.676 50.0291 25.49 73.36 27.83 76.68	
173 57.1998 28.5744 21887.342 50.3200 24.64 69.84 27.67 74.99	
174 60.4982 53.4829 22011.186 50.6108 27.44 73.33 30.35 77.00	
175 67.3471 62.1483 22134.837 50.9017 28.67 76.99 30.22 79.09	
176 65.8794 55.5898 22257.746 51.1926 26.64 73.73 28.90 76.30	
177 67.3449 56.9497 22380.852 51.4834 27.79 74.61 29.36 77.55	
178 64.2602 42.3248 22503.975 51.7743 26.11 74.96 28.23 77.38	
179 61.2833 42.5666 22627.116 52.0652 25.43 71.87 27.79 75.72	
180 69.0999 63.3858 22750.558 52.3560 28.39 75.33 30.38 77.81	
181 67.0238 56.2497 22874.337 52.6469 27.09 74.81 29.01 77.99	
182 63.6123 42.6821 22997.784 52.9378 24.62 70.48 27.00 74.38	
183 66.3103 55.1263 23121.410 53.2286 27.25 73.82 29.28 76.42	
184 67.0877 51.5433 23244.481 53.5195 26.68 73.68 28.72 76.39	
185 66.3738 52.4411 23368.249 53.8104 26.21 74.43 29.00 77.76	
186 65.3390 42.2237 23491.413 54.1012 25.51 72.19 28.25 75.14	
187 68.8822 58.6725 23614.334 54.3921 27.99 75.60 30.07 77.44	
188 60.6779 41.6706 23737.757 54.6830 25.71 72.45 28.41 77.09	
189 63.1339 53.3200 23860.779 54.9738 28.15 74.87 30.73 79.03	
190 64.5523 51.7786 23983.971 55.2647 27.13 74.55 28.85 77.44	
191 65.2025 48.1276 24107.207 55.5556 27.17 75.74 29.14 77.84	
192 68.5107 55.2757 24230.261 55.8464 27.92 76.12 30.13 79.44	
193 66.5632 49.9909 24352.643 56.1373 26.84 73.56 29.29 76.53	
194 74.1263 73.6235 24475.955 56.4282 29.51 78.24 31.38 80.23	
195 71.0237 47.6832 24598.162 56.7190 26.33 75.83 28.89 80.05	
196 68.4072 59.1235 24720.612 57.0099 27.72 75.89 30.79 79.56	
197 66.7672 53.7791 24844.765 57.3008 27.12 75.63 29.53 78.48	
198 76.4135 71.6622 24966.562 57.5916 30.31 77.52 32.62 80.28	
199 68.0550 56.1683 25088.818 57.8825 26.75 74.96 28.90 77.81	
200 74.9170 68.6203 25211.435 58.1734 29.46 75.89 31.63 77.64	
201 67.8723 48.8870 25334.723 58.4642 27.24 74.99 29.54 78.92	
202 64.2479 40.6694 25457.254 58.7551 25.62 73.09 28.11 76.97	
203 69.3551 56.0743 25580.269 59.0460 27.08 76.27 29.57 78.42	
204 63.2499 42.8761 25702.864 59.3368 25.81 72.02 28.68 76.01	
205 67.7863 52.3210 25825.974 59.6277 25.55 71.73 27.51 75.98	
206 62.6612 40.2933 25949.158 59.9186 25.63 72.43 28.33 74.96	
207 61.9428 44.3872 26073.121 60.2094 24.83 70.36 27.41 74.29	
208 65.3200 45.4579 26196.232 60.5003 28.22 77.05 31.08 79.47	
209 68.2948 44.4171 26320.213 60.7912 26.47 73.47 29.14 77.17	
210 63.9013 40.5532 26443.733 61.0820 26.66 74.49 28.68 77.93	
211 67.4045 57.3082 26567.129 61.3729 27.35 74.52 29.96 78.08	
212 68.2509 58.7067 26690.210 61.6638 28.41 77.20 30.35 80.14	
213 70.2719 65.7740 26813.499 61.9546 29.26 76.12 31.48 78.69	
214 63.9971 51.0056 26936.631 62.2455 27.57 74.29 30.13 77.67	
215 62.2816 49.2374 27061.407 62.5364 26.02 73.24 28.01 76.07	
216 70.0633 59.1246 27187.313 62.8272 27.67 73.79 29.63 76.04	
217 61.1743 46.6738 27312.609 63.1181 26.38 72.66 28.81 75.66	
218 61.1745 43.3685 27438.836 63.4090 25.47 69.66 27.41 73.42	
219 62.2474 52.3648 27564.056 63.6998 26.97 73.47 29.19 76.04	
220 62.0324 43.6946 27688.452 63.9907 25.90 71.76 28.57 74.70	
221 64.6448 53.6913 27812.481 64.2816 27.50 76.06 30.19 78.57	
222 62.2758 50.4455 27937.589 64.5724 26.61 73.47 28.87 76.91	
223 64.7601 57.1149 28062.014 64.8633 26.65 72.57 29.33 76.36	
224 66.6307 49.8319 28186.729 65.1542 26.24 73.39 28.82 77.32	
225 67.8157 57.9163 28312.313 65.4450 27.05 75.36 28.92 77.93	
226 63.0587 41.9631 28436.633 65.7359 25.48 73.18 27.39 74.96	
227 63.0127 40.2175 28561.617 66.0268 25.58 74.26 28.06 75.34	
228 61.4050 45.5187 28686.694 66.3176 24.88 72.92 27.18 75.08	
229 62.4842 52.8366 28811.419 66.6085 26.83 73.79 29.41 76.91	
230 63.0358 46.1324 28935.417 66.8994 26.16 73.94 28.71 76.97	
231 63.4715 55.3521 29059.511 67.1902 27.31 75.89 29.46 79.24	
232 61.6072 44.8370 29183.641 67.4811 27.36 74.14 29.01 76.27	
233 56.2289 37.4212 29307.291 67.7720 24.60 72.02 26.67 75.14	
234 59.8980 43.1030 29430.866 68.0628 26.53 73.79 29.27 78.05	
235 65.7404 50.3837 29553.541 68.3537 26.46 73.85 28.98 76.53	
236 64.0957 43.4805 29675.926 68.6446 25.85 72.86 27.95 76.04	
237 61.0184 40.2888 29799.710 68.9354 25.94 72.95 28.58 75.66	
238 60.0768 47.9637 29923.109 69.2263 26.17 72.45 28.41 75.52	
239 64.8545 64.6793 30046.963 69.5172 28.73 76.32 30.81 79.01	
240 61.8439 42.8648 30171.206 69.8080 27.12 74.52 29.31 76.59	
241 58.7348 49.7697 30294.993 70.0989 27.44 73.41 29.03 76.62	
242 60.0661 49.7307 30419.335 70.3898 25.62 72.66 27.01 74.56	
243 56.1251 32.8384 30543.110 70.6806 23.47 70.30 25.93 74.53	
244 57.0141 34.1392 30666.235 70.9715 25.24 72.66 28.06 76.62	
245 54.4538 33.5516 30788.658 71.2624 24.72 70.62 27.44 74.99	
246 59.9585 47.5104 30911.445 71.5532 26.64 73.12 29.08 76.10	
247 60.0301 45.5305 31033.891 71.8441 26.17 74.03 28.56 77.41	
248 64.2453 58.4267 31156.592 72.1350 28.19 76.18 30.39 78.48	
249 60.2134 52.6981 31280.012 72.4258 25.91 72.60 28.38 76.50	
250 54.6484 36.3672 31403.740 72.7167 25.75 71.03 27.89 74.59	
251 59.2674 51.9749 31526.515 73.0076 28.00 74.61 30.17 77.29	
252 58.6773 47.9446 31649.721 73.2984 26.64 72.89 28.38 76.56	
253 55.6115 34.6381 31774.046 73.5893 24.61 69.52 26.57 73.77	
254 62.7560 57.5989 31897.801 73.8802 28.13 75.80 30.58 78.57	
255 61.8325 56.4421 32021.872 74.1710 28.21 76.24 30.20 79.47	
256 58.8168 42.1478 32145.705 74.4619 26.18 72.37 28.55 75.20	
257 63.3352 51.9534 32268.943 74.7528 26.52 75.39 28.80 78.48	
258 69.4514 51.4795 32392.232 75.0436 27.52 76.32 29.46 79.24	
259 66.8085 59.2633 32514.671 75.3345 28.51 76.18 30.61 79.44	
260 61.0289 39.6581 32636.999 75.6254 25.25 70.01 27.48 74.56	
261 66.5533 66.6343 32759.772 75.9162 28.27 75.74 31.45 79.70	
262 67.1433 57.8320 32882.025 76.2071 28.10 74.26 30.51 77.73	
263 71.1911 67.5236 33004.622 76.4980 28.17 75.95 30.64 80.31	
264 68.9376 53.8680 33127.848 76.7888 26.63 74.69 28.63 78.77	
265 68.5705 50.3273 33251.414 77.0797 26.39 73.59 28.14 76.21	
266 71.6781 58.9894 33374.753 77.3706 27.31 75.13 29.07 77.29	
267 70.0464 51.4580 33497.723 77.6614 26.93 74.87 29.10 77.84	
268 66.5510 53.0295 33621.237 77.9523 25.98 72.25 28.13 75.17	
269 70.0144 56.4023 33744.027 78.2432 28.44 75.07 30.66 78.39	
270 66.5716 43.5592 33867.498 78.5340 24.94 73.65 27.04 76.33	
271 69.0710 50.1492 33990.371 78.8249 26.52 73.21 29.55 76.82	
272 69.1398 53.9531 34113.945 79.1158 27.77 75.48 29.43 77.78	
273 67.7959 58.3689 34237.614 79.4066 27.70 75.63 29.96 78.19	
274 65.5579 54.8312 34361.358 79.6975 26.38 73.82 28.60 77.49	
275 74.3599 65.1242 34484.966 79.9884 30.17 79.99 31.50 81.80	
276 67.1883 55.9460 34609.244 80.2792 26.56 72.28 28.84 75.60	
277 76.6168 69.1885 34732.796 80.5701 29.15 78.39 32.30 82.18	
278 68.2512 54.8843 34856.260 80.8610 27.32 73.85 29.66 77.26	
279 63.7025 54.6560 34979.686 81.1518 25.13 72.86 27.01 75.14	
280 61.9329 40.8844 35103.413 81.4427 25.53 73.21 28.07 76.04	
281 60.9104 46.6888 35226.916 81.7336 25.71 71.41 27.45 74.00	
282 64.6816 57.4517 35350.343 82.0244 28.03 76.29 30.41 79.70	
283 59.8268 41.9464 35473.353 82.3153 25.53 71.90 27.43 74.85	
284 60.3879 46.6142 35596.239 82.6062 26.45 72.69 28.28 75.14	
285 61.5133 54.5172 35719.369 82.8970 26.54 73.24 28.61 76.36	
286 67.0464 59.0638 35841.267 83.1879 28.28 76.82 31.02 80.17	
287 64.9001 55.7313 35964.035 83.4788 26.71 74.32 28.66 77.23	
288 68.1198 56.9957 36086.203 83.7696 29.01 78.07 31.11 79.94	
289 62.7559 48.6087 36208.756 84.0605 25.71 73.39 27.71 76.48	
290 72.7882 75.9560 36331.111 84.3514 29.20 78.21 30.50 78.66	
291 68.4250 52.3989 36453.878 84.6422 25.53 73.21 28.26 76.74	
292 65.1764 46.0117 36575.940 84.9331 25.64 73.41 28.20 76.74	
293 58.7440 34.2382 36699.046 85.2240 24.89 71.44 26.65 74.44	
294 57.9060 36.1619 36821.538 85.5148 24.32 70.51 26.80 74.64	
295 62.2423 48.2706 36944.085 85.8057 27.08 74.96 28.51 77.29	
296 67.9500 58.7183 37066.803 86.0966 27.89 73.85 30.41 77.67	
297 69.8944 57.8969 37188.898 86.3874 27.00 74.49 29.40 77.55	
298 62.6119 40.1487 37311.171 86.6783 25.45 73.21 27.59 76.39	
299 63.5861 49.1567 37433.072 86.9692 27.19 72.60 28.66 75.34	
300 58.9919 41.1513 37554.978 87.2600 27.20 73.73 29.63 77.64	
301 66.3402 57.2267 37677.378 87.5509 28.36 76.61 29.87 78.60	
302 62.5787 45.6591 37800.311 87.8418 25.38 71.52 28.12 75.87	
303 65.3493 66.2433 37923.286 88.1326 29.71 78.48 31.31 79.88	
304 64.9207 40.6865 38046.698 88.4235 26.17 71.03 28.17 74.73	
305 63.8145 44.5691 38169.414 88.7144 26.82 75.22 29.04 78.63	
306 61.7692 44.5518 38291.910 89.0052 26.64 74.00 28.62 76.74	
307 61.0702 42.8038 38413.905 89.2961 25.61 71.70 27.47 75.92	
308 57.0995 43.6561 38537.031 89.5870 26.18 71.32 28.95 75.20	
309 62.2387 43.2176 38659.533 89.8778 25.99 74.37 27.92 75.78	
310 57.3076 46.9556 38782.373 90.1687 25.00 70.71 27.43 74.53	
311 64.5521 55.7009 38905.516 90.4596 27.58 76.82 29.56 78.89	
312 62.5477 44.6176 39029.092 90.7504 25.87 72.19 27.86 75.81	
313 65.1674 54.3019 39152.931 91.0413 26.61 73.94 28.82 76.71	
314 64.2149 42.0076 39276.213 91.3322 25.67 72.02 27.59 74.70	
315 66.2953 44.4411 39398.718 91.6230 25.89 73.50 28.09 76.39	
316 65.5454 46.9875 39521.352 91.9139 25.92 72.77 29.09 78.10	
317 72.1579 54.7871 39643.778 92.2048 28.34 76.64 30.14 78.54	
318 61.6990 42.5478 39766.232 92.4956 24.53 71.64 26.67 74.03	
319 71.4648 61.3727 39888.343 92.7865 29.52 77.49 32.10 79.94	
320 67.5862 42.6777 40010.278 93.0774 25.00 71.23 27.84 74.85	
321 71.6218 54.2259 40132.639 93.3682 27.38 74.43 29.34 77.41	
322 67.2953 43.6210 40255.066 93.6591 25.58 71.52 28.03 75.49	
323 64.4898 38.7668 40377.476 93.9500 26.07 72.63 28.30 75.57	
324 66.2874 51.3116 40500.594 94.2408 26.53 74.35 28.92 78.13	
325 75.0594 60.3924 40623.217 94.5317 28.34 77.02 30.69 79.59	
326 70.1278 48.4327 40745.526 94.8226 26.01 74.40 28.38 79.06	
327 66.4922 49.8343 40868.140 95.1134 27.60 75.92 29.68 77.87	
328 75.3038 65.2726 40990.905 95.4043 29.69 79.32 31.22 80.52	
329 70.3714 42.1559 41112.725 95.6952 26.88 74.14 29.06 77.61	
330 71.4423 53.0510 41234.701 95.9860 27.68 75.42 30.17 78.54	
331 69.7712 53.8936 41357.368 96.2769 28.44 75.36 30.85 78.48	
332 72.4166 54.4618 41482.097 96.5678 27.32 74.52 29.66 78.69	
333 71.5159 48.1569 41606.662 96.8586 25.78 72.75 27.40 75.11	
334 66.3650 42.4831 41730.562 97.1495 25.89 72.98 28.61 75.92	
335 73.8934 65.0807 41856.104 97.4404 29.25 77.02 31.39 81.22	
336 72.8096 59.1735 41979.431 97.7312 28.89 75.48 31.67 78.66	
337 66.7383 47.3047 42101.533 98.0221 27.19 73.88 29.71 77.26	
338 67.2053 38.9049 42224.392 98.3130 25.42 72.54 27.25 74.09	
339 70.3268 51.6287 42347.310 98.6038 27.94 76.91 30.11 80.17	
340 78.0107 70.0315 42469.651 98.8947 30.09 78.88 31.99 81.83	
341 74.7231 65.7502 42592.445 99.1856 28.69 76.53 29.86 77.76	
342 64.8799 42.1404 42716.752 99.4764 24.80 71.93 27.22 74.82	
343 71.7859 51.6333 42840.644 99.7673 28.32 78.18 30.75 80.46	
344 62.8298 43.8628 42964.442 100.0582 26.00 72.34 28.91 76.68	
345 67.4133 49.8600 43088.559 100.3490 27.29 73.36 29.68 76.74	
346 62.4132 40.0047 43212.242 100.6399 25.69 70.42 27.90 75.49	
347 65.7815 59.1186 43336.673 100.9308 28.15 77.46 30.24 80.52	
348 67.3124 68.5958 43460.413 101.2216 28.21 76.70 30.94 79.24	
349 75.8412 64.6178 43583.945 101.5125 29.48 77.43 31.90 80.31	
350 72.3521 59.4317 43708.122 101.8034 27.53 77.28 29.51 78.83	
351 67.6597 44.2108 43831.205 102.0942 24.91 71.47 26.83 75.92	
352 67.5678 57.3477 43953.677 102.3851 27.72 74.14 29.65 76.36	
353 62.1825 38.2962 44076.039 102.6760 25.16 71.67 27.14 74.44	
354 63.2382 39.3856 44199.093 102.9668 25.28 71.64 27.70 74.53	
355 63.9639 50.8252 44321.157 103.2577 26.88 74.55 28.51 77.55	
356 61.7359 40.6865 44443.875 103.5486 26.30 72.31 28.58 76.94	
357 65.2973 50.8894 44567.314 103.8394 27.65 75.51 29.90 78.39	
358 65.4751 52.1902 44690.237 104.1303 26.99 72.98 29.62 75.46	
359 72.2299 72.2012 44813.568 104.4212 29.90 77.78 32.43 81.51	
360 68.5844 56.5854 44936.375 104.7120 28.12 75.51 30.17 78.22	
361 64.1766 44.5816 45059.538 105.0029 27.11 74.49 28.66 76.91	
362 69.7881 58.4297 45182.347 105.2938 27.53 75.10 29.20 78.39	
363 64.4941 45.4731 45305.408 105.5846 26.26 75.07 28.53 76.30	
364 59.6965 40.5227 45428.631 105.8755 25.19 72.34 27.37 73.68	
365 66.7576 51.0122 45551.756 106.1664 26.46 73.39 28.48 76.24	
366 64.9437 38.7056 45674.163 106.4572 24.88 72.11 27.38 74.73	
367 66.6076 53.5323 45797.637 106.7481 26.87 73.50 29.57 77.14	
368 72.4576 65.4233 45919.935 107.0390 29.14 77.11 32.02 79.62	
369 63.0439 41.9231 46042.849 107.3298 25.34 72.63 27.80 75.28	
370 66.6938 53.7053 46165.512 107.6207 27.73 75.74 29.30 78.05	
371 67.4048 51.3449 46288.445 107.9116 27.60 74.08 29.01 77.38	
372 62.9493 40.9904 46411.201 108.2024 24.79 70.94 26.62 73.89	
373 65.2795 45.4379 46533.784 108.4933 26.28 75.19 28.06 77.61	
374 65.2632 47.8446 46656.287 108.7842 25.92 73.18 27.70 76.48	
375 61.3159 47.6874 46778.867 109.0750 25.84 74.58 28.23 77.44	
376 68.3611 58.4891 46901.888 109.3659 28.44 75.16 30.43 77.67	
377 60.5251 33.1750 47025.104 109.6568 24.14 69.49 26.22 73.02	
378 65.3448 53.7254 47148.765 109.9476 26.60 73.76 29.07 77.46	
379 66.9486 53.4867 47271.797 110.2385 28.00 75.86 30.59 78.54	
380 70.2201 53.2624 47395.266 110.5294 27.85 75.68 29.59 77.90	
381 64.5848 45.0645 47517.543 110.8202 25.32 73.07 27.60 76.97	
382 67.5068 49.1844 47639.354 111.1111 26.31 73.85 27.83 75.92	
383 64.1575 47.5218 47761.457 111.4020 25.79 74.03 28.10 77.00	
384 67.3372 47.3566 47883.195 111.6928 25.92 73.21 28.41 76.39	
385 65.1153 48.4570 48006.141 111.9837 26.41 74.64 27.79 77.14	
386 75.0432 68.1607 48127.450 112.2746 30.72 76.88 32.57 78.34	
387 68.7271 51.1753 48249.153 112.5654 27.29 75.33 29.43 77.32	
388 67.3895 47.5691 48370.793 112.8563 26.32 73.50 28.40 76.80	
389 75.0903 71.1094 48493.428 113.1472 29.31 77.17 30.51 79.15	
390 67.2494 52.4922 48615.202 113.4380 27.12 75.80 29.16 78.80	
391 61.0884 31.8505 48737.761 113.7289 24.69 72.45 26.86 74.96	
392 67.0276 45.9662 48860.338 114.0198 27.49 75.92 29.98 78.31	
393 65.8861 39.8829 48983.088 114.3106 25.91 73.76 27.99 76.71	
394 68.8092 46.7561 49105.209 114.6015 26.83 75.86 28.48 77.46	
395 74.6457 67.3311 49227.952 114.8924 29.06 76.12 30.74 78.60	
396 66.7369 51.4811 49350.040 115.1832 26.38 71.12 28.30 74.03	
397 70.8718 57.7014 49471.946 115.4741 28.02 76.29 29.75 78.63	
398 72.3640 52.3385 49593.890 115.7650 27.15 75.57 29.13 77.81	
399 65.0055 38.2917 49717.327 116.0558 24.83 71.55 27.01 73.95	
400 70.0997 42.2282 49840.196 116.3467 25.35 71.50 27.10 75.25	
401 71.7685 57.9426 49962.363 116.6376 28.41 76.35 30.53 79.12	
402 65.3084 37.4483 50084.776 116.9284 24.36 69.40 26.91 73.80	
403 70.5413 51.7857 50207.128 117.2193 27.07 75.42 29.25 78.54	
404 64.3640 38.7728 50329.810 117.5102 25.24 70.36 27.99 75.31	
405 65.1372 43.5706 50452.900 117.8010 26.52 74.11 28.56 77.52	
406 64.7177 40.9171 50575.739 118.0919 25.98 72.83 27.77 76.42	
407 64.1089 34.3419 50698.904 118.3828 24.37 71.90 27.42 75.92	
408 67.4073 53.3208 50822.132 118.6736 27.48 75.92 29.86 79.41	
409 65.0438 53.6774 50944.995 118.9645 26.91 77.05 29.48 79.82	
410 68.1075 56.6488 51067.710 119.2554 28.04 76.56 30.67 79.82	
411 65.0382 51.9490 51190.334 119.5462 27.10 73.53 29.42 77.44	
412 61.1501 45.7433 51313.317 119.8371 26.58 72.31 28.87 75.02	
413 58.6439 35.8796 51437.172 120.1280 25.65 71.32 28.03 74.88	
414 58.8001 38.5134 51560.251 120.4188 24.64 71.23 26.62 72.81	
415 61.3980 45.2995 51683.349 120.7097 25.90 73.36 28.33 77.12	
416 66.7489 65.7772 51807.280 121.0006 29.89 78.80 31.23 81.10	
417 57.8830 44.7366 51930.329 121.2914 25.14 69.43 27.59 75.66	
418 65.5132 49.2120 52053.860 121.5823 26.42 75.60 28.83 78.63	
419 59.4051 41.4135 52177.304 121.8732 25.66 72.57 27.99 75.14	
420 62.4992 47.2644 52299.787 122.1640 26.15 73.79 28.20 77.00	
421 66.5455 55.5726 52421.823 122.4549 26.92 73.62 29.52 76.94	
422 67.2143 63.4113 52544.364 122.7458 29.00 77.08 31.51 80.20	
423 61.6405 34.3796 52666.770 123.0366 23.95 70.24 26.47 74.29	
424 70.5100 49.1433 52788.430 123.3275 26.62 73.62 28.83 75.89	
425 71.9044 44.0898 52909.472 123.6184 26.43 73.15 28.09 75.23	
426 71.2484 47.5958 53030.094 123.9092 27.75 76.41 29.59 78.19	
427 73.4223 58.0440 53151.704 124.2001 29.34 79.96 31.39 82.26	
428 67.3606 55.9282 53272.893 124.4910 27.07 73.56 29.41 76.33	
429 71.1064 56.0967 53393.833 124.7818 26.92 75.04 29.54 78.08	
430 62.3177 35.8854 53516.233 125.0727 24.47 69.90 27.25 73.89	
431 65.7439 48.5535 53638.626 125.3636 26.03 74.52 28.59 77.14	
432 65.3102 44.7237 53760.848 125.6545 25.37 70.45 28.44 74.44	
433 68.2010 51.2427 53883.195 125.9453 26.71 74.46 29.06 78.77	
434 71.0260 60.8967 54005.949 126.2362 27.82 75.28 29.97 79.44	
435 66.0094 56.9736 54129.116 126.5271 26.32 73.76 28.38 76.21	
436 68.8478 52.7969 54251.362 126.8179 27.40 76.64 29.70 79.12	
437 64.8327 43.4790 54373.631 127.1088 26.66 74.32 29.10 78.02	
438 66.8051 50.1476 54496.710 127.3997 26.09 72.86 28.78 77.58	
439 66.7867 47.8723 54619.882 127.6905 27.62 74.23 30.01 77.90	
440 64.4197 50.4445 54742.278 127.9814 26.99 74.49 29.27 77.44	
441 60.9793 36.4639 54865.024 128.2723 24.98 70.59 26.54 74.88	
442 65.7924 51.2805 54988.056 128.5631 26.77 75.63 28.60 77.26	
443 62.8381 38.1135 55111.419 128.8540 25.11 71.12 27.35 75.46	
444 77.5535 73.7543 55234.017 129.1449 31.54 80.16 33.27 82.49	
445 66.7538 41.8683 55356.643 129.4357 25.42 71.90 27.77 75.37	
446 72.8388 68.4566 55479.333 129.7266 28.12 77.66 30.17 79.59	
447 65.2787 51.5367 55602.957 130.0175 26.84 74.84 28.90 75.69	
448 69.0975 52.1412 55726.638 130.3083 26.89 73.07 28.74 76.53	
449 67.3748 56.3983 55849.650 130.5992 27.93 76.67 30.54 80.20	
450 66.8712 47.4742 55971.836 130.8901 26.36 72.13 28.40 75.63	
451 64.6972 47.8545 56094.603 131.1809 25.26 69.90 27.36 73.10	
452 63.8699 55.8214 56217.009 131.4718 25.61 72.57 27.83 76.33	
453 60.5620 47.1913 56339.791 131.7627 25.62 71.79 27.91 73.63	
454 64.3320 50.6358 56462.098 132.0535 26.72 73.39 29.23 78.08	
455 66.1901 47.1788 56584.873 132.3444 27.21 75.39 28.88 77.35	
456 66.0125 48.9139 56707.351 132.6353 26.28 74.05 27.55 74.88	
457 69.1541 67.5423 56829.956 132.9261 29.91 79.09 32.08 82.12	
458 70.3030 64.7189 56952.871 133.2170 28.89 78.16 31.49 79.53	
459 65.3120 40.2619 57075.671 133.5079 25.10 71.03 27.37 74.29	
460 72.3556 54.2552 57198.204 133.7987 27.52 75.16 28.98 77.64	
461 73.6080 60.3882 57320.869 134.0896 27.70 75.31 29.41 78.39	
462 68.5819 48.5211 57444.365 134.3805 25.82 73.56 27.83 76.36	
463 62.7271 36.5098 57567.203 134.6713 25.53 72.08 27.72 75.20	
464 66.5977 48.8557 57690.301 134.9622 26.34 74.69 28.54 77.06	
465 61.3860 35.9676 57812.007 135.2531 25.52 72.05 27.70 75.02	
466 68.7231 56.2138 57934.489 135.5439 28.54 75.45 30.45 79.67	
467 65.9102 52.5994 58057.728 135.8348 25.29 71.73 28.21 75.75	
468 65.8047 54.3523 58181.381 136.1257 26.22 73.09 29.19 76.91	
469 66.1337 56.5945 58304.513 136.4165 27.31 74.90 29.98 78.08	
470 64.4436 47.0138 58427.695 136.7074 27.31 75.31 29.59 78.37	
471 64.4264 48.7208 58550.249 136.9983 26.30 72.63 28.52 76.30	
472 70.0301 57.8633 58673.269 137.2891 29.20 75.97 31.20 78.66	
473 64.9028 44.5315 58795.944 137.5800 26.52 74.43 29.59 77.67	
474 62.4684 39.9244 58920.772 137.8709 25.62 73.62 27.33 75.23	
475 69.1306 59.3485 59044.359 138.1617 29.43 78.80 31.57 80.26	
476 64.3935 47.7493 59167.513 138.4526 27.00 73.27 29.21 76.13	
477 65.1613 54.3629 59290.622 138.7435 27.82 75.68 30.45 79.70	
478 59.5742 40.5670 59413.341 139.0343 25.34 72.28 28.29 75.08	
479 62.8048 48.8918 59536.512 139.3252 27.35 74.11 29.22 75.92	
480 59.2046 41.8414 59659.297 139.6161 25.37 71.79 27.64 75.31	
481 59.2538 49.1941 59782.047 139.9069 25.31 72.02 27.61 73.89	
482 64.3766 62.0707 59904.833 140.1978 29.85 76.64 31.80 78.69	
483 62.5845 58.1967 60027.541 140.4887 27.70 77.20 29.91 79.03	
484 65.3493 61.0118 60150.182 140.7795 27.74 76.18 29.76 79.94	
485 64.8863 51.9903 60272.321 141.0704 27.05 73.09 29.01 76.88	
486 59.8608 42.6193 60394.723 141.3613 26.81 73.15 29.32 77.20	
487 61.3952 40.1054 60517.676 141.6521 26.81 73.73 28.93 77.38	
488 59.9410 44.9797 60639.864 141.9430 25.98 71.47 28.20 75.55	
489 70.6263 65.9034 60761.797 142.2339 29.85 77.98 32.16 80.11	
490 67.5355 52.9936 60884.691 142.5247 28.16 76.53 30.29 77.81	
491 66.0511 55.3047 61006.564 142.8156 27.79 75.89 29.67 78.10	
492 66.3485 47.2959 61128.443 143.1065 25.72 73.12 27.47 75.52	
493 64.9979 41.6004 61251.106 143.3973 25.02 72.57 26.84 73.80	
494 66.7915 50.5939 61374.033 143.6882 26.73 74.49 28.82 76.01	
495 68.4071 56.7296 61496.487 143.9791 27.55 76.18 30.20 79.53	
496 73.5360 57.9453 61619.265 144.2699 28.18 76.06 30.22 78.92	
497 65.7700 46.9019 61743.231 144.5608 26.21 75.51 28.82 78.22	
498 73.6680 55.7818 61865.444 144.8517 28.74 78.16 31.14 80.78	
499 71.8600 58.1675 61987.486 145.1425 27.77 76.12 29.91 79.18	
500 69.6738 54.7219 62110.436 145.4334 27.06 75.63 29.16 78.74	
501 71.3949 51.5656 62232.735 145.7243 27.41 74.26 30.30 78.37	
502 68.8225 53.5100 62355.599 146.0151 27.93 76.73 29.86 79.62	
503 69.4051 52.6294 62477.342 146.3060 26.71 74.23 28.67 76.33	
504 74.3541 56.7125 62599.785 146.5969 28.73 76.09 31.19 79.18	
505 69.0589 52.4726 62721.926 146.8877 27.70 75.10 29.63 76.39	
506 63.2564 39.4308 62844.019 147.1786 23.90 68.76 26.12 72.32	
507 73.3665 61.9738 62966.714 147.4695 29.06 77.11 30.80 79.65	
508 69.6659 53.2460 63088.335 147.7603 26.64 73.36 29.40 77.00	
509 69.5913 50.1944 63210.587 148.0512 26.74 73.97 29.27 77.73	
510 68.7999 55.7778 63332.594 148.3421 27.82 74.72 29.63 77.29	
511 74.3510 58.3556 63454.343 148.6329 27.06 75.71 29.53 79.09	
512 71.3453 60.1607 63575.987 148.9238 26.78 75.42 29.43 79.01	
513 62.6224 36.2100 63697.703 149.2147 24.66 70.48 26.80 74.53	
514 71.8620 62.7378 63819.906 149.5055 28.82 76.93 30.43 79.09	
515 79.8777 66.6449 63941.698 149.7964 30.77 79.70 32.50 82.35	
516 70.3299 43.4331 64063.907 150.0873 25.70 72.02 27.80 74.09	
517 71.3038 54.3890 64185.929 150.3781 26.47 74.72 28.42 77.44	
518 70.3048 46.2616 64307.809 150.6690 26.02 72.86 28.54 76.94	
519 68.1043 43.5236 64429.931 150.9599 25.90 71.90 28.67 75.60	
520 66.9210 46.9515 64551.645 151.2507 25.24 70.97 27.90 73.86	
521 91.3240 92.4494 64673.363 151.5416 32.16 82.61 34.06 83.83	
522 74.7861 62.2463 64795.963 151.8325 27.66 74.69 29.48 77.35	
523 78.6146 66.4271 64918.273 152.1233 28.67 77.98 31.27 80.84	
524 73.4129 50.5858 65041.359 152.4142 26.20 75.48 28.43 79.18	
525 69.4065 40.2205 65163.720 152.7051 25.47 70.77 28.14 74.50	
526 65.9682 37.2796 65286.300 152.9959 23.49 67.98 25.73 70.66	
527 64.4219 38.9818 65408.602 153.2868 24.78 70.42 27.31 74.03	
528 75.7893 58.3538 65530.372 153.5777 27.58 74.46 29.41 76.94	
529 65.1996 42.8501 65652.859 153.8685 25.79 72.72 28.05 75.55	
530 66.3296 50.2660 65774.572 154.1594 26.17 72.37 27.80 75.81	
531 68.4864 56.0619 65896.748 154.4503 28.09 74.75 30.14 76.88	
532 66.8737 46.1523 66018.737 154.7411 25.92 72.77 27.78 75.78	
533 64.4616 47.5957 66141.360 155.0320 26.59 72.60 28.76 76.48	
534 72.2059 59.6245 66263.531 155.3229 28.18 76.03 30.35 79.12	
535 66.8762 44.7861 66385.982 155.6137 24.97 71.84 27.78 75.75	
536 71.3743 67.2119 66508.590 155.9046 29.76 76.18 31.98 78.74	
537 67.7640 49.8269 66630.483 156.1955 26.83 74.87 29.29 78.28	
538 69.8362 46.9610 66752.605 156.4863 26.71 76.38 28.82 77.58	
539 66.6829 44.3309 66874.679 156.7772 26.00 74.00 28.04 75.84	
540 65.8026 46.9530 66996.620 157.0681 25.86 71.93 28.69 75.40	
541 64.5747 59.3075 67118.754 157.3589 27.23 74.32 29.84 77.93	
542 63.5307 50.8137 67241.655 157.6498 26.72 75.36 28.88 78.10	
543 59.7313 41.8950 67364.425 157.9407 24.67 72.13 27.47 75.72	
544 59.2776 41.0531 67487.261 158.2315 24.90 70.68 27.06 74.50	
545 60.6657 38.9554 67610.348 158.5224 25.79 71.99 27.91 75.81	
546 63.6022 49.3108 67733.014 158.8133 26.78 75.65 28.41 76.36	
547 64.9423 49.6279 67854.985 159.1041 27.13 74.61 29.20 78.31	
548 64.9583 50.6285 67976.295 159.3950 26.33 73.27 28.28 75.40	
549 68.8247 55.9392 68098.622 159.6859 28.41 76.82 30.46 79.03	
550 68.9384 53.8871 68220.412 159.9767 28.45 76.15 30.86 78.80	
551 84.7204 80.2088 68342.602 160.2676 31.05 79.73 32.83 81.04	
552 72.8861 45.1774 68465.879 160.5585 25.48 71.93 27.86 76.21	
553 68.5280 49.2071 68588.962 160.8493 26.52 73.50 28.43 77.00	
554 68.8206 50.7890 68711.875 161.1402 27.06 73.59 29.51 77.84	
555 75.4982 54.5774 68833.855 161.4311 28.02 76.15 29.59 77.90	
556 67.1470 45.8263 68956.269 161.7219 26.21 72.98 28.43 76.65	
557 71.8067 61.4202 69078.631 162.0128 27.80 75.51 30.20 78.60	
558 69.7730 48.5554 69200.667 162.3037 25.78 73.47 28.24 76.85	
559 63.8264 40.6503 69321.171 162.5945 25.28 71.87 28.17 75.87	
560 67.7429 51.4451 69441.342 162.8854 25.94 73.41 28.30 76.01	
561 70.1819 62.8254 69562.041 163.1763 27.64 75.95 29.91 79.76	
562 67.9153 54.9800 69683.791 163.4671 26.52 74.55 28.62 77.58	
563 70.8665 54.6809 69805.496 163.7580 26.64 74.32 28.26 76.94	
564 73.0632 56.6141 69927.230 164.0489 26.28 73.36 29.20 77.61	
565 71.1521 51.4006 70049.360 164.3397 26.70 73.27 28.35 76.48	
566 69.2127 45.9961 70172.331 164.6306 24.48 71.26 26.47 74.70	
567 70.5075 48.0106 70295.927 164.9215 26.14 72.60 28.86 75.78	
568 69.0567 43.9474 70417.947 165.2123 26.17 71.93 27.70 73.77	
569 69.9205 47.6474 70539.704 165.5032 26.46 73.65 29.10 76.30	
570 67.5054 39.5414 70661.049 165.7941 25.77 73.04 27.40 75.31	
571 68.7286 52.2096 70781.467 166.0849 27.73 75.45 29.56 78.19	
572 65.6806 43.6727 70903.295 166.3758 25.23 72.02 27.81 75.34	
573 68.7759 64.0735 71024.934 166.6667 28.98 75.45 31.34 77.44	
574 64.2333 47.5513 71146.933 166.9575 27.14 74.49 29.03 77.73	
575 71.8018 63.8988 71269.421 167.2484 29.22 76.88 31.13 79.35	
576 63.3600 47.4119 71390.052 167.5393 26.23 73.33 28.61 76.24	
577 65.6038 51.1063 71510.291 167.8301 26.69 73.33 29.14 77.12	
578 66.7613 47.3122 71630.646 168.1210 27.33 73.68 29.72 77.17	
579 70.1595 53.5028 71750.958 168.4119 28.44 76.21 30.22 79.12	
580 67.3336 53.0861 71871.548 168.7027 27.71 74.20 29.98 77.09	
581 65.0091 50.5193 71993.513 168.9936 25.70 71.23 28.29 76.42	
582 63.6466 39.0877 72115.938 169.2845 25.05 71.29 26.78 74.99	
583 64.5399 52.4069 72236.295 169.5753 27.05 75.28 29.56 79.06	
584 69.9193 50.6809 72356.356 169.8662 27.99 77.05 30.09 80.63	
585 62.4722 39.6527 72475.999 170.1571 25.80 73.01 28.38 75.78	
586 65.0726 43.3675 72595.844 170.4479 25.61 72.45 27.81 75.23	
587 72.2938 58.9807 72716.044 170.7388 27.20 75.74 29.35 79.15	
588 65.9069 37.8338 72837.303 171.0297 25.66 73.36 27.53 76.27	
589 65.5209 37.1932 72957.140 171.3205 25.10 73.12 27.27 76.65	
590 69.5865 56.0506 73077.479 171.6114 27.54 74.40 30.08 76.50	
591 79.1224 66.8304 73197.898 171.9023 29.09 77.17 31.22 79.38	
592 76.5013 62.0002 73318.100 172.1931 28.26 74.23 30.24 77.38	
593 73.6766 49.3572 73438.012 172.4840 27.31 73.73 29.64 77.67	
594 72.8624 51.7031 73558.704 172.7749 27.19 74.23 29.42 78.83	
595 69.7311 53.9435 73679.764 173.0657 26.03 71.73 28.53 75.84	
596 74.9425 58.4166 73800.492 173.3566 27.93 75.71 30.88 77.70	
597 63.0754 43.8969 73920.052 173.6475 24.77 70.16 27.69 73.48	
598 62.5527 38.5926 74039.872 173.9383 25.40 71.82 27.49 74.70	
599 69.4285 58.9567 74159.776 174.2292 28.51 76.70 30.73 79.09	
600 69.7438 57.4025 74279.822 174.5201 27.90 75.83 29.95 77.78	
601 61.9544 36.3827 74399.251 174.8109 24.55 70.24 26.91 73.95	
602 65.8131 62.1817 74519.438 175.1018 27.96 76.53 29.77 80.23	
603 62.0322 49.0101 74638.804 175.3927 25.76 72.28 28.01 75.92	
604 63.9538 49.5293 74758.366 175.6835 27.52 74.46 29.47 75.87	
605 64.9520 49.9683 74878.375 175.9744 26.84 74.93 28.73 76.88	
606 75.2986 69.7060 74998.399 176.2653 29.73 79.09 32.11 81.80	
607 69.7466 53.2374 75118.157 176.5561 28.19 75.16 30.71 78.71	
608 73.5385 54.8107 75238.078 176.8470 27.05 74.40 28.98 77.67	
609 72.2982 63.4029 75358.378 177.1379 27.83 76.06 30.44 78.89	
610 69.2834 68.5828 75479.168 177.4287 28.61 75.89 29.97 77.70	
611 65.7931 44.8378 75598.707 177.7196 25.50 71.18 28.03 75.57	
612 70.0736 57.5453 75718.567 178.0105 27.80 74.96 30.91 78.92	
613 63.3995 38.4262 75838.457 178.3013 26.28 72.92 28.27 76.24	
614 62.0484 42.2384 75957.922 178.5922 26.32 74.61 28.77 78.22	
615 71.4521 53.8501 76077.474 178.8831 28.24 76.18 30.46 79.38	
616 62.6494 43.5329 76197.758 179.1739 26.00 72.05 27.85 75.02	
617 63.3294 44.0890 76317.899 179.4648 27.15 74.90 29.30 77.67	
618 61.9387 40.8007 76438.649 179.7557 25.05 71.61 27.20 74.50	
619 60.9860 45.1679 76559.659 180.0465 26.52 73.53 28.70 75.95	
<SAG-NUS> 	reached max number of iterations	
