3 machines found
0 24.5949 4.55704 0.796423 1 92.309174 100.000000 92.220780 100.000000
1 20.2606 5.09813 2.60629 3 71.379031 100.000000 71.421483 100.000000
2 17.4232 3.66158 3.56737 4 66.662814 99.825480 66.386747 99.883687
3 15.2967 2.67269 4.48305 5 53.442762 97.673066 53.519353 97.731899
4 13.1952 2.13545 5.34784 6 45.397449 96.160558 45.663791 95.347485
5 10.8519 2.52623 6.2127 7 39.702539 91.855730 40.445836 92.294272
6 9.26473 1.17424 7.44969 8 33.791855 87.056428 34.636232 87.641756
7 8.67143 0.878231 8.43375 9 31.510808 84.293194 32.296359 85.199186
8 7.78938 0.853622 9.45932 10 28.543906 80.453752 29.334300 81.942425
9 7.16182 1.54297 10.4474 11 27.122105 77.225131 28.097565 77.958709
10 6.63626 0.733388 11.4138 12 24.544369 72.803956 25.582106 74.411166
11 6.37242 0.543911 12.3875 13 23.650445 71.931355 24.616383 73.015411
12 5.87932 0.616423 13.5094 14 22.220938 69.342641 23.448355 72.055830
13 5.3895 0.844271 14.3966 15 21.072708 67.248400 22.436827 70.485606
14 5.00764 0.724032 15.3392 16 20.394559 65.881326 22.043667 70.020355
15 4.75536 0.389644 16.2753 17 19.311833 63.728912 20.967249 67.374237
16 4.52277 0.365313 17.1744 18 18.552768 61.111111 20.192381 65.193370
17 4.31565 0.389053 18.1834 19 17.762879 58.813264 19.619818 63.477755
18 4.10072 0.715677 19.0966 20 17.635726 58.260617 20.020612 63.390521
19 3.84427 0.306999 20.0942 21 16.344931 55.090169 19.043438 61.151498
20 3.72255 0.251746 21.0122 22 16.075213 54.421175 18.650279 60.889794
21 3.60594 0.373034 21.9442 23 15.859438 53.403141 18.627376 61.209654
22 3.48673 0.343748 22.8964 24 15.582014 52.879581 18.196045 60.162838
23 3.39356 0.258972 23.9019 25 15.208261 52.065154 17.875410 59.784821
24 3.21281 0.230925 25.0019 26 14.553231 50.087260 17.291396 57.603955
25 3.12343 0.398478 26.1292 27 14.229569 49.272833 17.505153 57.807502
26 3.02887 0.209133 27.023 28 13.693985 47.702152 16.882968 56.150044
27 2.95114 0.17674 27.9642 29 13.231611 46.451425 16.592870 55.015993
28 2.86453 0.231388 28.9882 30 12.896390 45.782432 16.329491 54.318116
29 2.79599 0.412959 30.0562 31 12.830887 45.578825 16.379113 53.881942
30 2.71556 0.162687 31.7396 32 12.514931 44.938918 16.138637 53.445769
31 2.67369 0.134306 34.5075 33 12.329981 44.822571 15.997404 53.300378
32 2.63056 0.214636 36.4953 34 12.172003 44.095404 15.898160 52.776970
33 2.57998 0.254442 38.3278 35 12.029438 44.240838 15.924880 53.154987
34 2.53026 0.149767 40.129 36 11.821369 43.426411 15.856172 53.154987
35 2.47816 0.147491 41.5188 37 11.759719 43.106457 15.848538 52.602501
36 2.44353 0.150335 42.8375 38 11.590182 42.611984 15.783648 52.311719
37 2.40183 0.180256 43.7589 39 11.320464 41.884817 15.825636 52.137249
38 2.36482 0.120719 45.0653 40 11.362848 41.710297 15.558440 51.497528
39 2.33483 0.124608 46.0462 41 11.174045 40.779523 15.543171 51.032277
40 2.31276 0.200618 47.1574 42 11.093130 40.663176 15.497366 51.090433
41 2.28917 0.105 48.1531 43 11.008361 40.168703 15.375219 50.857808
42 2.25834 0.121955 49.1596 44 11.050746 40.488656 15.333232 51.119511
43 2.2307 0.131678 50.2472 45 10.800293 40.081443 15.409573 51.235824
44 2.19802 0.245523 51.1958 46 10.519015 39.819663 15.268341 51.090433
45 2.16857 0.136211 52.3483 47 10.534428 39.906923 15.501183 51.352137
46 2.15359 0.0758363 53.2452 48 10.364890 39.354276 15.337049 51.206746
47 2.1373 0.0813413 54.1601 49 10.326359 39.092496 15.142377 50.886886
48 2.12018 0.112008 55.0896 50 10.353331 39.092496 15.119475 50.625182
49 2.09777 0.109316 55.9778 51 10.307094 38.888889 15.180548 50.596104
50 2.07917 0.0714207 56.9983 52 10.245444 38.801629 15.184365 50.828729
51 2.05811 0.0861386 58.39 53 10.083613 38.307155 15.191999 51.003199
52 2.04908 0.148459 59.2936 54 10.160675 38.365329 15.069853 50.741495
53 2.03723 0.0759523 60.1989 55 10.099025 38.161722 15.130926 50.886886
54 2.02191 0.065623 61.1199 56 9.956460 38.132635 15.081304 50.508869
55 2.01067 0.074785 61.9969 57 9.871691 37.812682 15.031682 50.392556
56 2.00449 0.280156 62.9068 58 10.025816 38.685282 15.031682 50.770573
57 1.98292 0.0743944 63.9802 59 9.736832 37.609075 14.859913 50.363478
58 1.97638 0.0514233 64.9248 60 9.698301 37.318208 14.859913 50.334400
59 1.96869 0.0709197 65.7931 61 9.617385 37.085515 14.852279 50.247165
60 1.95778 0.0854952 66.7019 62 9.575001 36.940081 14.852279 50.189008
61 1.95357 0.205267 67.695 63 9.690595 37.783595 14.871364 49.723757
62 1.93592 0.064153 68.7087 64 9.659770 37.260035 14.810291 49.781913
63 1.9296 0.049834 69.8122 65 9.567295 37.318208 14.775937 49.549288
64 1.92086 0.0652599 70.6186 66 9.590413 37.289122 14.733949 49.636522
65 1.90754 0.0805639 71.457 67 9.625092 37.230948 14.768303 49.491131
66 1.90207 0.142018 72.4551 68 9.443995 37.085515 14.947706 49.869148
67 1.89073 0.0485413 73.3768 69 9.355373 36.678301 14.814108 49.752835
68 1.88586 0.0474163 74.4378 70 9.282164 36.561955 14.806474 49.694679
69 1.8779 0.0636647 75.4038 71 9.170423 36.242001 14.783571 49.636522
70 1.87216 0.147615 77.4579 72 9.255192 36.503781 14.726315 49.607444
71 1.86229 0.0581287 79.7276 73 9.093361 36.009308 14.829376 49.898226
72 1.85697 0.0395476 81.1648 74 9.054830 35.834788 14.768303 49.665600
73 1.85206 0.0488532 82.7848 75 9.031711 35.718441 14.768303 49.636522
74 1.84238 0.0555354 83.8086 76 8.896852 35.398487 14.821742 49.665600
75 1.83737 0.0838495 85.6205 78 8.835202 34.962187 14.810291 49.752835
76 1.82937 0.0402447 86.7688 79 8.819790 35.020361 14.871364 50.159930
77 1.82278 0.0452834 88.0063 80 8.754287 34.991274 14.878998 50.189008
78 1.81673 0.118449 89.2129 81 8.823643 35.427574 14.894267 49.927304
79 1.80917 0.0486953 90.3096 82 8.781258 35.107621 14.783571 49.636522
80 1.80485 0.0459236 91.448 83 8.704196 34.933101 14.775937 49.752835
81 1.79902 0.0449547 92.5477 84 8.684930 34.845841 14.753035 49.578366
82 1.79175 0.0658918 93.5725 85 8.580896 34.642234 14.642339 49.462053
83 1.78699 0.0490507 94.6819 86 8.534659 34.176847 14.695778 49.607444
84 1.78376 0.027252 95.7206 87 8.584749 34.176847 14.684327 49.723757
85 1.78036 0.0316382 96.9883 88 8.542365 34.293194 14.653790 49.840070
86 1.77546 0.0471367 98.0601 89 8.523099 34.293194 14.676693 49.578366
87 1.77102 0.0886684 99.2216 90 8.557778 34.554974 14.775937 49.810992
88 1.76588 0.038779 100.42 91 8.496128 34.467714 14.680510 49.636522
89 1.76364 0.0285263 101.656 92 8.480715 34.176847 14.722498 49.781913
90 1.76098 0.0315407 102.549 93 8.473009 34.002327 14.665242 49.520209
91 1.75824 0.0741993 103.639 94 8.604015 34.118674 14.737766 49.665600
92 1.75494 0.0339639 104.804 95 8.604015 34.089587 14.688144 49.432975
93 1.75211 0.0291791 105.761 96 8.588602 34.031414 14.649973 49.287584
94 1.74956 0.0376269 106.78 97 8.542365 34.002327 14.600351 49.171271
95 1.74676 0.0611764 107.786 98 8.607868 34.147760 14.630888 49.287584
96 1.74294 0.0305669 108.754 99 8.573190 34.264107 14.516375 49.113114
97 1.74026 0.0275403 109.789 100 8.526953 34.176847 14.493473 49.113114
98 1.73721 0.029747 110.874 101 8.434478 34.002327 14.527827 49.054958
99 1.73505 0.0602564 112.966 103 8.446037 34.002327 14.543095 48.938645
100 1.73181 0.0345783 114.172 104 8.449890 34.060500 14.546912 48.967723
101 1.72852 0.0223121 115.305 105 8.430625 33.827807 14.596534 48.996801
102 1.72611 0.0381299 116.447 106 8.426771 33.682373 14.653790 49.171271
103 1.72363 0.0316064 117.506 107 8.434478 33.885980 14.600351 48.880489
104 1.72124 0.0250597 118.481 108 8.469156 33.973240 14.535461 48.880489
105 1.71823 0.0593656 119.582 109 8.376681 33.595113 14.596534 48.880489
106 1.71518 0.0356663 120.549 110 8.380534 33.449680 14.604168 48.793254
107 1.71361 0.0250474 121.486 111 8.322737 33.333333 14.592717 48.764176
108 1.71109 0.0238081 122.414 112 8.288059 33.478767 14.634705 48.967723
109 1.70927 0.0558812 123.334 113 8.315031 33.507853 14.581266 49.054958
110 1.70712 0.0303338 124.309 114 8.288059 33.595113 14.573632 48.938645
111 1.70493 0.0192464 125.459 115 8.291912 33.507853 14.562180 49.025880
112 1.70365 0.0244911 126.371 116 8.338150 33.624200 14.581266 49.054958
113 1.70116 0.0533586 127.328 117 8.361268 33.333333 14.665242 49.636522
114 1.69839 0.0348192 128.373 118 8.442184 33.566027 14.703412 49.432975
115 1.69701 0.022978 129.351 119 8.419065 33.653287 14.699595 49.316662
116 1.695 0.0229919 130.327 120 8.446037 33.711460 14.722498 49.316662
117 1.69387 0.0345944 131.397 121 8.449890 33.798720 14.787388 49.520209
118 1.6924 0.0214344 133.18 122 8.415212 33.624200 14.779754 49.432975
119 1.69024 0.0192069 136.571 123 8.461450 33.595113 14.718681 49.403896
120 1.68901 0.0243873 139.52 124 8.457596 33.624200 14.787388 49.520209
121 1.68697 0.0190874 142.472 125 8.407506 33.507853 14.795023 49.549288
122 1.68469 0.0321872 144.282 126 8.469156 33.885980 14.833193 49.549288
123 1.6828 0.0368422 146.199 127 8.368975 33.536940 14.779754 49.636522
124 1.6813 0.0200429 148.767 128 8.388240 33.624200 14.764486 49.520209
125 1.68043 0.018039 150.301 129 8.388240 33.711460 14.749217 49.491131
126 1.67863 0.0208951 151.806 130 8.342003 33.478767 14.745400 49.665600
127 1.6773 0.0435243 154.033 132 8.299619 33.304247 14.795023 49.694679
128 1.67566 0.0231353 155.221 133 8.276500 33.187900 14.760669 49.607444
129 1.67434 0.0168795 156.242 134 8.334297 33.449680 14.756852 49.636522
130 1.67339 0.0208265 157.203 135 8.372828 33.507853 14.745400 49.578366
131 1.67174 0.0257359 158.288 136 8.338150 33.449680 14.810291 49.549288
132 1.6705 0.0455283 159.425 137 8.399800 33.624200 14.886633 49.869148
133 1.66882 0.0171172 160.579 138 8.395947 33.507853 14.871364 49.723757
134 1.66771 0.0214998 161.441 139 8.330443 33.449680 14.856096 49.752835
135 1.66624 0.0238367 162.196 140 8.280353 33.449680 14.852279 49.869148
136 1.665 0.0319487 163.433 141 8.272647 33.304247 14.768303 49.723757
137 1.66362 0.0157252 164.515 142 8.180172 33.071553 14.787388 49.781913
138 1.66269 0.0153285 165.5 143 8.195584 33.042467 14.749217 49.781913
139 1.66149 0.0205322 166.559 144 8.160906 33.100640 14.829376 49.840070
140 1.6603 0.0544287 167.443 145 8.187878 32.955207 14.890450 50.043617
141 1.65847 0.0222912 168.454 146 8.141641 32.809773 14.837010 50.043617
142 1.65731 0.0145046 169.544 147 8.164759 32.926120 14.802657 49.927304
143 1.65651 0.0164729 170.623 148 8.218703 33.042467 14.833193 49.869148
144 1.65557 0.0376032 171.724 149 8.264940 32.838860 14.898084 50.043617
145 1.6541 0.0156752 173.015 150 8.207144 32.780686 14.909535 50.101774
146 1.65322 0.0130653 173.984 151 8.153200 32.606166 14.871364 50.043617
147 1.65209 0.0207166 175.011 152 8.064578 32.431646 14.867547 50.072696
148 1.65125 0.0402343 175.989 153 8.072285 32.286213 14.901901 50.276243
149 1.64987 0.0163433 176.976 154 8.068431 32.373473 14.837010 50.014539
150 1.64909 0.0127505 177.958 155 8.083844 32.402560 14.875181 50.014539
151 1.64838 0.0143129 179.32 156 8.141641 32.518906 14.848462 49.927304
152 1.64698 0.0213978 180.635 157 8.137788 32.635253 14.844645 49.752835
153 1.6461 0.0280675 182.635 159 8.222556 32.984293 14.917169 50.101774
154 1.64514 0.0143071 183.669 160 8.218703 33.100640 14.871364 50.130852
155 1.64419 0.0133707 184.701 161 8.176319 32.926120 14.913352 50.305321
156 1.64317 0.0200017 185.684 162 8.103109 32.838860 14.878998 50.130852
157 1.64229 0.0237683 186.61 163 8.099256 32.577080 14.909535 50.130852
158 1.64153 0.0132096 187.511 164 8.141641 32.722513 14.901901 50.218087
159 1.6407 0.0126378 188.559 165 8.157053 32.926120 14.894267 49.985461
160 1.63998 0.01598 189.589 166 8.137788 32.926120 14.909535 49.985461
161 1.63893 0.0266747 190.662 167 8.114669 32.897033 14.886633 49.723757
162 1.6381 0.0169597 192.188 168 8.118522 32.722513 14.962974 49.810992
163 1.6376 0.0113877 194.274 169 8.076138 32.635253 14.901901 49.840070
164 1.637 0.0109559 197.815 170 8.041460 32.547993 14.962974 50.072696
165 1.63632 0.018932 201.502 171 8.079991 32.722513 14.970608 50.218087
166 1.63549 0.0133124 203.313 172 8.103109 32.867946 15.035499 50.218087
167 1.63472 0.0119251 205.137 173 8.133934 32.867946 15.050767 50.159930
168 1.63414 0.0304208 207.11 174 8.068431 32.751600 15.108024 50.276243
169 1.63341 0.0110283 209.645 175 8.114669 32.809773 15.100389 50.305321
170 1.63295 0.0116805 211.256 176 8.095403 32.664340 15.100389 50.363478
171 1.63224 0.0179622 212.727 177 8.133934 32.664340 15.119475 50.305321
172 1.63177 0.0317812 214.43 178 8.049166 32.635253 15.073670 50.276243
173 1.63084 0.0142358 215.608 179 8.072285 32.722513 15.165280 50.392556
174 1.63027 0.00882171 217.143 180 8.053019 32.635253 15.176731 50.479791
175 1.62979 0.0097832 218.33 181 8.053019 32.722513 15.150011 50.392556
176 1.62932 0.0345063 219.477 182 8.002928 32.547993 15.123292 50.363478
177 1.62856 0.0134985 220.667 183 7.999075 32.635253 15.134743 50.421634
178 1.62802 0.00891742 221.872 184 8.002928 32.722513 15.100389 50.363478
179 1.6275 0.0131109 222.839 185 8.026047 32.751600 15.077487 50.363478
180 1.62691 0.0313587 223.793 186 8.033753 32.664340 15.130926 50.421634
181 1.62609 0.0142711 225.052 187 8.037606 32.838860 15.180548 50.508869
182 1.62562 0.00933888 226.119 188 8.010635 32.693426 15.169097 50.625182
183 1.62514 0.0122759 227.117 189 7.948985 32.518906 15.134743 50.567025
184 1.62474 0.0230034 228.272 190 7.945132 32.664340 15.191999 50.770573
185 1.62418 0.0101684 229.336 191 7.918160 32.606166 15.199634 50.741495
186 1.62376 0.00924201 230.275 192 7.918160 32.577080 15.214902 50.654260
187 1.62329 0.0105562 231.259 193 7.922013 32.460733 15.169097 50.537947
188 1.62286 0.0269737 232.609 194 7.964397 32.518906 15.161463 50.305321
189 1.62222 0.00970447 233.647 195 7.960544 32.489820 15.195816 50.421634
190 1.62191 0.00719349 234.655 196 7.960544 32.547993 15.214902 50.508869
191 1.62157 0.00935949 235.605 197 7.941278 32.518906 15.211085 50.596104
192 1.62112 0.0135929 236.779 198 7.979810 32.635253 15.268341 50.741495
193 1.62064 0.0110002 238.01 199 7.991369 32.751600 15.253073 50.741495
194 1.6203 0.00760504 239.224 200 7.999075 32.809773 15.245439 50.654260
195 1.61983 0.0105123 240.319 201 7.979810 32.606166 15.214902 50.537947
196 1.61954 0.0178437 241.55 202 8.068431 32.693426 15.230170 50.508869
197 1.61919 0.00942561 242.962 203 8.060725 32.751600 15.207268 50.392556
198 1.61863 0.00901608 247.952 204 8.014488 32.547993 15.230170 50.392556
199 1.6183 0.0118444 251.24 205 7.991369 32.635253 15.241621 50.421634
200 1.61778 0.010095 254.76 206 7.975957 32.518906 15.256890 50.421634
201 1.61738 0.0120598 257.34 207 7.964397 32.518906 15.256890 50.450712
202 1.61701 0.00836735 259.135 208 7.960544 32.518906 15.245439 50.508869
203 1.61668 0.00927148 262.058 209 7.972103 32.606166 15.195816 50.450712
204 1.61636 0.0109687 264.346 210 7.964397 32.577080 15.207268 50.596104
205 1.61599 0.00840932 266.067 211 7.972103 32.635253 15.184365 50.596104
206 1.61553 0.00962515 267.878 212 8.006781 32.489820 15.161463 50.537947
207 1.61545 0.0270216 269.748 213 8.033753 32.577080 15.191999 50.567025
208 1.61509 0.00855221 271.975 214 7.999075 32.431646 15.180548 50.508869
209 1.61489 0.00566889 274.958 215 7.983663 32.460733 15.195816 50.508869
210 1.61464 0.00884529 276.061 216 7.952838 32.431646 15.195816 50.421634
211 1.61428 0.0117402 277.334 217 7.933572 32.344386 15.203451 50.479791
212 1.61403 0.0192438 278.456 218 7.906600 32.344386 15.153829 50.450712
213 1.61367 0.00602246 279.707 219 7.918160 32.315300 15.169097 50.567025
214 1.61349 0.00736472 280.756 220 7.941278 32.373473 15.165280 50.537947
215 1.61325 0.00824655 281.836 221 7.933572 32.402560 15.104206 50.450712
216 1.61305 0.0180583 283.965 223 7.925866 32.402560 15.100389 50.450712
217 1.61274 0.00971615 284.912 224 7.914307 32.402560 15.069853 50.392556
218 1.61244 0.00565279 285.942 225 7.910454 32.315300 15.043133 50.334400
219 1.61218 0.00849693 286.968 226 7.875775 32.286213 15.069853 50.450712
220 1.61197 0.0126543 288.497 227 7.856510 32.315300 15.058401 50.276243
221 1.61175 0.00641618 289.817 228 7.825685 32.198953 15.127109 50.537947
222 1.61153 0.00706594 291.106 229 7.806419 32.111693 15.127109 50.567025
223 1.61132 0.00817689 292.563 230 7.841097 32.257126 15.111841 50.625182
224 1.61125 0.0281893 294.271 231 7.941278 32.547993 15.188182 50.712416
225 1.61078 0.00809155 295.557 232 7.929719 32.606166 15.096572 50.537947
226 1.61062 0.00496232 297.237 233 7.929719 32.664340 15.088938 50.479791
227 1.61046 0.00668521 298.821 234 7.933572 32.606166 15.111841 50.479791
228 1.61021 0.00904632 300.184 235 7.925866 32.547993 15.123292 50.567025
229 1.61005 0.0150719 301.699 236 7.906600 32.518906 15.142377 50.683338
230 1.60983 0.00462489 303.828 237 7.933572 32.577080 15.100389 50.537947
231 1.60973 0.00575 305.676 238 7.914307 32.577080 15.111841 50.537947
232 1.60956 0.00754037 307.454 239 7.914307 32.547993 15.092755 50.479791
233 1.60935 0.0206489 309.038 240 7.925866 32.460733 15.165280 50.537947
234 1.60905 0.00941432 310.788 241 7.956691 32.547993 15.150011 50.596104
235 1.60888 0.00478774 314.272 242 8.010635 32.693426 15.115658 50.654260
236 1.60876 0.00547722 317.915 243 7.987516 32.722513 15.085121 50.596104
237 1.60858 0.00627193 320.286 244 7.968250 32.547993 15.092755 50.654260
238 1.60844 0.011871 322.11 245 7.952838 32.489820 15.100389 50.654260
239 1.60826 0.0044926 323.96 246 7.983663 32.518906 15.150011 50.799651
